      2.2200000     -1.5162077      1.5585613     0.75231917      8.6871110     0.75231917
      2.2250000     -1.5059678      1.7762403     0.57269285      356.53249     0.73157924
      2.2300000     -1.4989194      1.6134962     0.72959078      10.513454     0.72959078
      2.2350000     -1.4904971      1.8398348     0.71456009      20.905150     0.71477409
      2.2400000     -1.4835191      1.8279110     0.19796736      759.90899     0.70645812
      2.2450000     -1.4749068      1.6928585     0.70462447      13.206631     0.70462447
      2.2500000     -1.4674914      1.8047125   -0.079668150      772.77767     0.69194037
      2.2550000     -1.4553505      1.9045630     0.66804362      22.204520     0.66815138
      2.2600000     -1.4438430      2.0678721    -0.19545772      628.30554     0.64370346
      2.2650000     -1.4372489      1.9010008   -0.074592094      678.84753     0.64577774
      2.2700000     -1.4288205      1.9825015    -0.25181367      550.79208     0.62449727
      2.2750000     -1.4138427      2.0190652     0.58994064      36.342084     0.59017808
      2.2800000     -1.4040586      2.1781629     0.48621644      179.85464     0.56597384
      2.2850000     -1.3868555      2.3428461    -0.20422326      401.78380     0.50734446
      2.2900000     -1.3771460      2.2592382     0.10438712      426.57371     0.49441766
      2.2950000     -1.3631211      2.2513091     0.24842273      293.86525     0.45700402
      2.3000000     -1.3515640      2.0810736   -0.060371594      336.19257     0.42025437
