2.2000000     -1.5464459      1.4083799     0.78503772      4.6121237     0.78503772  1.5037210E+09        1000000
      2.2010000     -1.5452686      1.4195547     0.78406290      4.5508480     0.78406290  1.5081596E+09        1000000
      2.2020000     -1.5436016      1.4378361     0.78195418      5.0904074     0.78195418  1.5142265E+09        1000000
      2.2030000     -1.5419987      1.4459876     0.78008095      5.5874564     0.78008095  1.5201786E+09        1000000
      2.2040000     -1.5411066      1.4411801     0.78023602      5.0543565     0.78023602  1.5235338E+09        1000000
      2.2050000     -1.5390182      1.4429160     0.77707084      5.6918124     0.77707084  1.5311087E+09        1000000
      2.2060000     -1.5382253      1.4580712     0.77701027      5.6654414     0.77701027  1.5341296E+09        1000000
      2.2070000     -1.5360421      1.4817763     0.77388063      5.9173071     0.77388063  1.5421658E+09        1000000
      2.2080000     -1.5348855      1.4824481     0.77316030      6.1699665     0.77316030  1.5463937E+09        1000000
      2.2090000     -1.5336254      1.4984424     0.77233743      6.4182147     0.77233743  1.5510900E+09        1000000
      2.2100000     -1.5320020      1.4896486     0.77029668      6.2421220     0.77029668  1.5570880E+09        1000000
      2.2110000     -1.5303810      1.4854506     0.76928356      5.9576284     0.76928356  1.5630117E+09        1000000
      2.2120000     -1.5288597      1.4992682     0.76670985      7.5838754     0.76670985  1.5687231E+09        1000000
      2.2130000     -1.5273599      1.5123121     0.76576592      6.8562626     0.76576592  1.5743116E+09        1000000
      2.2140000     -1.5260565      1.5165963     0.76452703      6.4456786     0.76452703  1.5791492E+09        1000000
      2.2150000     -1.5238877      1.6192910     0.39664225      18.773649     0.75827994  1.5870689E+09        1000000
      2.2160000     -1.5227171      1.5608410     0.75959017      8.7824535     0.75959017  1.5914924E+09        1000000
      2.2170000     -1.5207813      1.5686426     0.75728092      8.5089682     0.75728092  1.5986595E+09        1000000
      2.2180000     -1.5197476      1.5578855     0.75758860      7.5173305     0.75758860  1.6024939E+09        1000000
      2.2190000     -1.5178187      1.5776419     0.75498302      8.0430658     0.75498302  1.6095486E+09        1000000
      2.2200000     -1.5171455      1.5757227     0.75474019      9.3626724     0.75474019  1.6121223E+09        1000000
      2.2210000     -1.5150470      1.5998130     0.75114594      9.9488816     0.75114594  1.6199655E+09        1000000
      2.2220000     -1.5130276      1.6121624     0.74921510      9.1625594     0.74921510  1.6274180E+09        1000000
      2.2230000     -1.5119279      1.6001239     0.74843376      9.0535673     0.74843376  1.6315296E+09        1000000
      2.2240000     -1.5102770      1.6248052     0.74576242      10.175258     0.74576242  1.6376278E+09        1000000
      2.2250000     -1.5088361      1.6384499     0.74446503      11.145939     0.74446503  1.6429553E+09        1000000
      2.2260000     -1.5062918      1.6750045     0.73948960      11.897086     0.73948960  1.6523380E+09        1000000
      2.2270000     -1.5051769      1.6949612     0.73801382      13.327638     0.73801382  1.6564642E+09        1000000
      2.2280000     -1.5029359      1.7462808    -0.50237449      19.850502     0.73326245  1.6647687E+09        1000000
      2.2290000     -1.5015462      1.6737225     0.73541656      10.494445     0.73541656  1.6699783E+09        1000000
      2.2300000     -1.5003917      1.6843225     0.73474681      11.377384     0.73474681  1.6743529E+09        1000000
      2.2310000     -1.4987979      1.7070298     0.73136980      13.963263     0.73136980  1.6802908E+09        1000000
      2.2320000     -1.4969141      1.7028649     0.72975288      12.298688     0.72975288  1.6872114E+09        1000000
      2.2330000     -1.4948070      1.7488935     0.42777159      18.110831     0.72497169  1.6950267E+09        1000000
      2.2340000     -1.4936571      1.7256467     0.72453463      15.680596     0.72453463  1.6993793E+09        1000000
      2.2350000     -1.4904833      1.7979077     0.71735173      20.181089     0.71735280  1.7110658E+09        1000000
      2.2360000     -1.4901628      1.7511507     0.71986227      15.539198     0.71986227  1.7124407E+09        1000000
      2.2370000     -1.4881207      1.8183279     0.71566157      19.257207     0.71566157  1.7199388E+09        1000000
      2.2380000     -1.4861874      1.8041710     0.71350399      18.425929     0.71350399  1.7271166E+09        1000000
      2.2390000     -1.4852270      1.7674844     0.71432330      15.075104     0.71432330  1.7307537E+09        1000000
      2.2400000     -1.4818290      1.8785665     0.31028441      22.219694     0.70418101  1.7433025E+09        1000000
      2.2410000     -1.4802955      1.8616954     0.70349206      22.074103     0.70349206  1.7490107E+09        1000000
      2.2420000     -1.4790375      1.8717740    -0.56513676      23.994754     0.70251303  1.7538058E+09        1000000
      2.2430000     -1.4765866      1.8920714     0.69603778      26.288460     0.69603778  1.7628910E+09        1000000
      2.2440000     -1.4749318      1.8757462    -0.27285809      23.157856     0.69560098  1.7690968E+09        1000000
      2.2450000     -1.4733915      1.9233048     0.69204363      29.387265     0.69210788  1.7748512E+09        1000000
      2.2460000     -1.4714109      1.9605762     0.15015385      29.315575     0.68913158  1.7821733E+09        1000000
      2.2470000     -1.4687423      1.9636944     0.68252237      34.804498     0.68253279  1.7920894E+09        1000000
      2.2480000     -1.4683454      1.9885763    -0.49381683      35.473597     0.68388236  1.7937788E+09        1000000
      2.2490000     -1.4640660      2.0367856     0.67073050      40.289792     0.67101085  1.8094699E+09        1000000
      2.2500000     -1.4619315      2.0674094     0.66527985      44.245487     0.66634617  1.8173562E+09        1000000
      2.2510000     -1.4623058      1.9764130     0.67592180      27.990361     0.67592180  1.8162944E+09        1000000
      2.2520000     -1.4597482      2.0384034     0.66722067      39.653140     0.66728608  1.8258665E+09        1000000
      2.2530000     -1.4570822      2.1054864   -0.025133706      48.030913     0.66013213  1.8356412E+09        1000000
      2.2540000     -1.4551494      2.0525570     0.36960138      43.220438     0.65807806  1.8429948E+09        1000000
      2.2550000     -1.4518674      2.1906982     0.34991190      53.091823     0.64655932  1.8549405E+09        1000000
      2.2560000     -1.4511216      2.1142831    0.037641808      48.437594     0.64924657  1.8579958E+09        1000000
      2.2570000     -1.4488661      2.1441836     0.32540858      54.827055     0.64262745  1.8663303E+09        1000000
      2.2580000     -1.4480592      2.1180235    0.080981974      47.522256     0.64725307  1.8696077E+09        1000000
      2.2590000     -1.4446620      2.1423289     0.33866157      43.469539     0.63893285  1.8820348E+09        1000000
      2.2600000     -1.4419574      2.2381559     0.26692963      64.532854     0.62669471  1.8921617E+09        1000000
      2.2610000     -1.4379088      2.3678435     0.34662482      86.861265     0.60801510  1.9071281E+09        1000000
      2.2620000     -1.4373534      2.3549977     0.52055269      84.896269     0.61096359  1.9093919E+09        1000000
      2.2630000     -1.4351234      2.2714967     0.18437287      69.766391     0.61108987  1.9176555E+09        1000000
      2.2640000     -1.4325805      2.3216310   -0.075163698      80.385488     0.60154582  1.9270609E+09        1000000
      2.2650000     -1.4305148      2.3293602    -0.43821109      75.435257     0.59992219  1.9349340E+09        1000000
      2.2660000     -1.4301001      2.3116812   0.0015514140      77.488542     0.60133890  1.9367536E+09        1000000
      2.2670000     -1.4274353      2.3068010     0.10903053      83.528173     0.59425462  1.9465971E+09        1000000
      2.2680000     -1.4248675      2.3250977     0.20711449      83.824358     0.58604063  1.9562002E+09        1000000
      2.2690000     -1.4198625      2.4768023     0.13367087      121.78933     0.55583208  1.9746836E+09        1000000
      2.2700000     -1.4188953      2.4759028     0.12512402      107.31531     0.56413764  1.9784155E+09        1000000
      2.2710000     -1.4142560      2.5517772     0.14834979      144.18219     0.53338368  1.9954895E+09        1000000
      2.2720000     -1.4142019      2.4731180     0.10429808      113.93299     0.54864414  1.9960436E+09        1000000
      2.2730000     -1.4092681      2.5334121   -0.095813872      132.26737     0.52491423  2.0142688E+09        1000000
      2.2740000     -1.4096918      2.3886606     0.14245587      106.55871     0.54043568  2.0130273E+09        1000000
      2.2750000     -1.4055836      2.5389392    -0.19737416      135.89589     0.51669575  2.0282746E+09        1000000
      2.2760000     -1.4055320      2.3980366    -0.18880926      123.03368     0.52652409  2.0287094E+09        1000000
      2.2770000     -1.3990737      2.4882697     0.10253618      156.86870     0.48454617  2.0524952E+09        1000000
      2.2780000     -1.3996995      2.4728828     0.11201143      139.14005     0.49989043  2.0506067E+09        1000000
      2.2790000     -1.3974454      2.4862798     0.10833020      134.40721     0.49826350  2.0589506E+09        1000000
      2.2800000     -1.3952199      2.4860682   -0.084540398      129.88203     0.49512672  2.0674298E+09        1000000
      2.2810000     -1.3918912      2.4336259    0.094885266      143.02191     0.47673450  2.0797646E+09        1000000
      2.2820000     -1.3881911      2.5074305    0.018391022      159.77203     0.45675025  2.0936653E+09        1000000
      2.2830000     -1.3871227      2.4987984     0.19117221      150.00498     0.46297183  2.0978475E+09        1000000
      2.2840000     -1.3823187      2.3815024    0.031139279      158.89038     0.43158191  2.1156531E+09        1000000
      2.2850000     -1.3808956      2.4588302   -0.019288165      159.04786     0.43256324  2.1211169E+09        1000000
      2.2860000     -1.3803260      2.4168615    0.073782069      147.58338     0.44227519  2.1234744E+09        1000000
      2.2870000     -1.3779714      2.4355602     0.13801752      148.99012     0.43641802  2.1324638E+09        1000000
      2.2880000     -1.3733131      2.3509963   0.0011466674      153.50341     0.40543256 -2.1452332E+09        1000000
      2.2890000     -1.3731255      2.3348588   -0.054121824      142.10032     0.41731222 -2.1442265E+09        1000000
      2.2900000     -1.3700128      2.3296475   -0.048440173      145.60937     0.40812815 -2.1325787E+09        1000000
      2.2910000     -1.3686732      2.3110134    0.039195881      157.70215     0.39759786 -2.1274197E+09        1000000
      2.2920000     -1.3649080      2.3144524    0.049622155      150.50166     0.38690760 -2.1134067E+09        1000000
      2.2930000     -1.3626634      2.2545884   -0.024763023      150.90185     0.37658350 -2.1048697E+09        1000000
      2.2940000     -1.3615408      2.2631072    0.083410457      149.46606     0.38027390 -2.1005129E+09        1000000
      2.2950000     -1.3575691      2.2663523    -0.10145639      150.43094     0.35937875 -2.0855930E+09        1000000
      2.2960000     -1.3557090      2.1548379   0.0011282636      140.27267     0.35766105 -2.0783499E+09        1000000
      2.2970000     -1.3555290      2.1870399    0.078715785      147.26067     0.36267603 -2.0775156E+09        1000000
      2.2980000     -1.3492448      2.1105056    0.047188334      144.77054     0.31517658 -2.0540298E+09        1000000
      2.2990000     -1.3508847      2.1305968    0.031668657      143.96522     0.34671225 -2.0598393E+09        1000000
      2.3000000     -1.3478628      2.0429364    0.014766069      136.18015     0.33425340 -2.0483862E+09        1000000
