      2.2000000     -1.5449178      1.4456591     0.78198279      5.0625312     0.78198279
      2.2050000     -1.5363804      1.4419164     0.77331088      5.2625338     0.77331088
      2.2100000     -1.5281292      1.5880197     0.10127370      419.58668     0.76037795
      2.2150000     -1.5283121      1.3913434     0.77403861      3.6362011     0.77403861
      2.2200000     -1.5175695      1.5705053     0.75771334      6.3145607     0.75771334
      2.2250000     -1.5060812      1.6833310     0.49864475      223.63852     0.73817345
      2.2300000     -1.5038974      1.5649125     0.74444345      6.6214354     0.74444463
      2.2350000     -1.4928714      1.6837157     0.32562799      312.86157     0.72735381
      2.2400000     -1.4850579      1.6903074   -0.030252775      377.23962     0.71517740
      2.2450000     -1.4730116      1.8069675    -0.52713121      163.46952     0.69926789
      2.2500000     -1.4717305      1.7101756     0.15214116      350.77751     0.70964216
      2.2550000     -1.4566139      1.8240895    -0.67485095      20.622966     0.68336140
      2.2600000     -1.4509475      1.7833123     0.22229998      304.43818     0.67983310
      2.2650000     -1.4366224      1.9094680    0.077581825      306.83619     0.64299010
      2.2700000     -1.4238048      2.0121351   0.0088547375      294.37165     0.62084229
      2.2750000     -1.4171544      1.9050708    0.013549613      290.43081     0.61937496
      2.2800000     -1.4098742      2.0923851   -0.020491813      275.86674     0.59486129
      2.2850000     -1.3969434      2.0460130    -0.15992328      243.69664     0.58070740
      2.2900000     -1.3858531      2.0324292     0.16389679      225.82036     0.55767086
      2.2950000     -1.3813527      2.0038324     0.24690221      201.92019     0.55763471
      2.3000000     -1.3686363      1.9875748    0.045154813      222.15104     0.52816339
