      2.2400000     -1.4782495      2.1644803    -0.33825859      1046.9792     0.67858443
      2.2450000     -1.4751850      1.6306291     0.70381982      14.624641     0.70381982
      2.2500000     -1.4597041      2.1063953     0.52398154      490.65998     0.65553779
      2.2550000     -1.4530026      2.0317532     0.65631054      32.620316     0.65657550
      2.2600000     -1.4306757      2.8418034     0.30542678      727.21389     0.55754194
      2.2650000     -1.4266016      2.3866109    -0.41857552      534.41981     0.57999660
      2.2700000     -1.4266902      1.9966136    -0.61356106      45.548942     0.61405915
      2.2750000     -1.4051689      2.5014371    -0.19009145      777.75290     0.52862010
      2.2800000     -1.3929160      2.3680435     0.27839677      555.07526     0.49098536
      2.2850000     -1.3802228      2.3341032    -0.19562504      554.14992     0.44258287
      2.2900000     -1.3727605      2.2766762    -0.29063254      410.58925     0.44535590
      2.2950000     -1.3633164      2.1584105    0.099388822      568.31535     0.41666143
      2.3000000     -1.3520284      2.1575106    -0.10866676      484.21312     0.38724921
