         100000      1.0000000     -1.9955600    0.035441146    -0.15471000      3.8969193     0.99855000            842
         200000      1.0000000     -1.9951400    0.038785522    -0.13183750      3.9224005     0.99839250           1882
         300000      1.0000000     -1.9955133    0.035812813    -0.17525667      3.8697004     0.99852333           2640
         400000      1.0000000     -1.9954100    0.036635728    -0.12730375      3.9275475     0.99848125           3604
         500000      1.0000000     -1.9955840    0.035249996    -0.12207800      3.9330518     0.99854000           4368
         600000      1.0000000     -1.9954833    0.036051732    -0.10323500      3.9498735     0.99851000           5372
         700000      1.0000000     -1.9956543    0.034690173   -0.073784286      3.9710092     0.99856571           6032
         800000      1.0000000     -1.9956575    0.034664571   -0.030941250      3.9889531     0.99856250           6876
         900000      1.0000000     -1.9956311    0.034874762   -0.046311667      3.9841643     0.99855611           7778
        1000000      1.0000000     -1.9956860    0.034437558   -0.049529000      3.9830235     0.99857500           8542
        1100000      1.0000000     -1.9957127    0.034224659   -0.019324091      3.9913963     0.99858864           9348
        1200000      1.0000000     -1.9957250    0.034126898   -0.017640417      3.9916544     0.99858708          10178
        1300000      1.0000000     -1.9957769    0.033713278   -0.012110385      3.9923849     0.99859731          10906
        1400000      1.0000000     -1.9957871    0.033631864  -0.0084942857      3.9926942     0.99859786          11740
        1500000      1.0000000     -1.9957747    0.033731253   0.0046886667      3.9928694     0.99859133          12616
        1600000      1.0000000     -1.9957488    0.033937707    0.015426875      3.9919668     0.99858500          13518
        1700000      1.0000000     -1.9957518    0.033913692    0.011825000      3.9923636     0.99858559          14352
        1800000      1.0000000     -1.9957578    0.033865792   0.0025488889      3.9929073     0.99858778          15136
        1900000      1.0000000     -1.9957600    0.033848090   0.0053278947      3.9928201     0.99858684          15956
        2000000      1.0000000     -1.9957450    0.033967580    0.010363500      3.9924854     0.99858500          16842
        2100000      1.0000000     -1.9957362    0.034037756    0.014495238      3.9920596     0.99858190          17736
        2200000      1.0000000     -1.9957627    0.033826364   0.0081568182      3.9926775     0.99859045          18520
        2300000      1.0000000     -1.9958139    0.033418602    0.015490870      3.9920688     0.99860739          19140
        2400000      1.0000000     -1.9957817    0.033675489    0.026761042      3.9901100     0.99859646          20148
        2500000      1.0000000     -1.9957984    0.033542186    0.032208400      3.9888529     0.99860200          20942
        2600000      1.0000000     -1.9958031    0.033504928    0.030618077      3.9892571     0.99860192          21736
        2700000      1.0000000     -1.9958222    0.033364259    0.031958889      3.9889560     0.99860926          22456
        2800000      1.0000000     -1.9958143    0.033427062    0.030372143      3.9893387     0.99860679          23304
        2900000      1.0000000     -1.9958248    0.033342686    0.026264655      3.9902810     0.99860741          24096
        3000000      1.0000000     -1.9958553    0.033099287    0.023807667      3.9908228     0.99861700          24784
        3100000      1.0000000     -1.9958284    0.033313616    0.022476290      3.9910260     0.99860887          25748
        3200000      1.0000000     -1.9958588    0.033071400    0.022670938      3.9910416     0.99861906          26396
        3300000      1.0000000     -1.9958442    0.033186676    0.018292576      3.9917382     0.99861591          27338
        3400000      1.0000000     -1.9958506    0.033135835    0.021511765      3.9912396     0.99861971          28092
        3500000      1.0000000     -1.9958406    0.033215368    0.020425143      3.9913993     0.99861343          29044
        3600000      1.0000000     -1.9958200    0.033378999    0.017961944      3.9917484     0.99860917          29988
        3700000      1.0000000     -1.9958195    0.033383065    0.013983514      3.9922530     0.99860757          30870
        3800000      1.0000000     -1.9958416    0.033206620    0.013859079      3.9923014     0.99861382          31564
        3900000      1.0000000     -1.9958446    0.033182213   0.0097446154      3.9926981     0.99861641          32372
        4000000      1.0000000     -1.9958485    0.033151060   0.0052040000      3.9929752     0.99861725          33184
        4100000      1.0000000     -1.9958424    0.033199151   0.0063513415      3.9929140     0.99861622          34016
        4200000      1.0000000     -1.9958467    0.033165285   0.0090128571      3.9927560     0.99861690          34852
        4300000      1.0000000     -1.9958381    0.033233041   0.0087510465      3.9927618     0.99861477          35762
        4400000      1.0000000     -1.9958391    0.033225293   0.0063997727      3.9929057     0.99861500          36584
        4500000      1.0000000     -1.9958298    0.033299326   0.0014565556      3.9930464     0.99861233          37484
        4600000      1.0000000     -1.9958426    0.033196951   0.0051823913      3.9929682     0.99861630          38224
        4700000      1.0000000     -1.9958413    0.033207416   0.0051279787      3.9929678     0.99861564          39068
        4800000      1.0000000     -1.9958558    0.033091304   0.0011063542      3.9930941     0.99862135          39750
        4900000      1.0000000     -1.9958571    0.033080735  -0.0028087755      3.9930664     0.99862020          40570
        5000000      1.0000000     -1.9958612    0.033048281  -0.0046549000      3.9930199     0.99862250          41356
        5100000      1.0000000     -1.9958506    0.033132698  -0.0090411765      3.9927632     0.99861961          42270
        5200000      1.0000000     -1.9958396    0.033219996  -0.0097342308      3.9926906     0.99861481          43214
        5300000      1.0000000     -1.9958272    0.033319029   -0.011039340      3.9925599     0.99860991          44186
        5400000      1.0000000     -1.9958448    0.033178345   -0.013160463      3.9923826     0.99861509          44864
        5500000      1.0000000     -1.9958415    0.033205008   -0.013006909      3.9923920     0.99861345          45762
        5600000      1.0000000     -1.9958293    0.033307563   -0.013951607      3.9922711     0.99860982          46720
        5700000      1.0000000     -1.9958270    0.033325433   -0.013318596      3.9923336     0.99860772          47582
        5800000      1.0000000     -1.9958224    0.033361915   -0.012008362      3.9924575     0.99860560          48478
        5900000      1.0000000     -1.9958214    0.033370156   -0.013859746      3.9922630     0.99860466          49302
        6000000      1.0000000     -1.9958350    0.033261278   -0.015866000      3.9920484     0.99860983          50020
        6100000      1.0000000     -1.9958246    0.033344034   -0.014556230      3.9921908     0.99860656          50974
        6200000      1.0000000     -1.9958332    0.033275068   -0.016460645      3.9919697     0.99860984          51716
        6300000      1.0000000     -1.9958432    0.033195645   -0.020922619      3.9913180     0.99861262          52448
        6400000      1.0000000     -1.9958366    0.033248163   -0.025001406      3.9905572     0.99861016          53364
        6500000      1.0000000     -1.9958409    0.033213270   -0.021461846      3.9912212     0.99861108          54194
        6600000      1.0000000     -1.9958321    0.033283242   -0.021875455      3.9911337     0.99860758          55095
        6700000      1.0000000     -1.9958260    0.033332101   -0.018389627      3.9916850     0.99860560          56034
        6800000      1.0000000     -1.9958397    0.033222533   -0.019881103      3.9914806     0.99861066          56716
        6900000      1.0000000     -1.9958481    0.033155395   -0.022953333      3.9909688     0.99861377          57432
        7000000      1.0000000     -1.9958503    0.033137977   -0.022530214      3.9910500     0.99861479          58230
        7100000      1.0000000     -1.9958473    0.033161444   -0.024863380      3.9906030     0.99861394          59094
        7200000      1.0000000     -1.9958508    0.033133360   -0.025935278      3.9903900     0.99861458          59846
        7300000      1.0000000     -1.9958419    0.033204266   -0.026094795      3.9903404     0.99861082          60808
        7400000      1.0000000     -1.9958478    0.033156984   -0.028959797      3.9897190     0.99861264          61566
        7500000      1.0000000     -1.9958512    0.033130083   -0.032002667      3.9889823     0.99861360          62344
        7600000      1.0000000     -1.9958542    0.033105987   -0.029160395      3.9896829     0.99861474          63128
        7700000      1.0000000     -1.9958590    0.033068031   -0.030790844      3.9893008     0.99861682          63888
        7800000      1.0000000     -1.9958446    0.033182213   -0.033515000      3.9885757     0.99861179          64936
        7900000      1.0000000     -1.9958486    0.033150304   -0.032490949      3.9888534     0.99861348          65700
        8000000      1.0000000     -1.9958480    0.033155044   -0.032534500      3.9888408     0.99861312          66548
        8100000      1.0000000     -1.9958398    0.033220646   -0.033650617      3.9885325     0.99861086          67466
        8200000      1.0000000     -1.9958385    0.033230241   -0.032085183      3.9889401     0.99860945          68294
        8300000      1.0000000     -1.9958381    0.033233846   -0.030607711      3.9893095     0.99860916          69146
        8400000      1.0000000     -1.9958455    0.033174769   -0.029073929      3.9896879     0.99861155          69892
        8500000      1.0000000     -1.9958407    0.033212683   -0.026261647      3.9903008     0.99860918          70796
        8600000      1.0000000     -1.9958447    0.033181165   -0.026652384      3.9902257     0.99861099          71546
        8700000      1.0000000     -1.9958400    0.033218134   -0.027256897      3.9900880     0.99860966          72414
        8800000      1.0000000     -1.9958448    0.033180027   -0.027513920      3.9900407     0.99861176          73180
        8900000      1.0000000     -1.9958490    0.033146357   -0.026441348      3.9902789     0.99861303          73912
        9000000      1.0000000     -1.9958473    0.033159466   -0.024830167      3.9906055     0.99861194          74802
        9100000      1.0000000     -1.9958448    0.033179290   -0.024067912      3.9907506     0.99861121          75666
        9200000      1.0000000     -1.9958554    0.033094769   -0.023352772      3.9909048     0.99861516          76348
        9300000      1.0000000     -1.9958566    0.033085736   -0.022763495      3.9910149     0.99861532          77148
        9400000      1.0000000     -1.9958523    0.033119273   -0.019612766      3.9915435     0.99861468          78040
        9500000      1.0000000     -1.9958463    0.033167198   -0.017098789      3.9919018     0.99861226          78986
        9600000      1.0000000     -1.9958500    0.033137777   -0.015476927      3.9921199     0.99861380          79752
        9700000      1.0000000     -1.9958456    0.033173025   -0.015264330      3.9921381     0.99861206          80668
        9800000      1.0000000     -1.9958535    0.033110001   -0.015505561      3.9921237     0.99861577          81336
        9900000      1.0000000     -1.9958598    0.033059516   -0.015995253      3.9920710     0.99861707          82068
       10000000      1.0000000     -1.9958570    0.033081742   -0.016023600      3.9920624     0.99861600          82982
