          35000      1.0000000     -1.9972369    0.022608874     0.99929314   0.0015372840     0.99929314          10044
          70000      1.0000000     -1.9971816    0.023031156     0.99928029   0.0015545188     0.99928029          20146
         105000      1.0000000     -1.9971772    0.023044806     0.99927890   0.0015570563     0.99927890          30032
         140000      1.0000000     -1.9971547    0.023324025     0.99927371   0.0015718608     0.99927371          40284
         175000      1.0000000     -1.9971596    0.023262223     0.99927489   0.0015680266     0.99927489          50382
         210000      1.0000000     -1.9971537    0.023344606     0.99927350   0.0015725458     0.99927350          60550
         245000      1.0000000     -1.9971452    0.023441490     0.99927114   0.0015808947     0.99927114          70986
         280000      1.0000000     -1.9971459    0.023412976     0.99927146   0.0015783371     0.99927146          81086
         315000      1.0000000     -1.9971553    0.023323131     0.99927433   0.0015679981     0.99927433          91156
         350000      1.0000000     -1.9971549    0.023314473     0.99927401   0.0015694922     0.99927401         101398
         385000      1.0000000     -1.9971601    0.023300497     0.99927545   0.0015674162     0.99927545         111410
         420000      1.0000000     -1.9971629    0.023283255     0.99927617   0.0015664737     0.99927617         121452
         455000      1.0000000     -1.9971615    0.023319962     0.99927588   0.0015683035     0.99927588         131730
         490000      1.0000000     -1.9971615    0.023320899     0.99927597   0.0015677200     0.99927597         141866
         525000      1.0000000     -1.9971527    0.023403912     0.99927372   0.0015730282     0.99927372         152370
         560000      1.0000000     -1.9971527    0.023422706     0.99927378   0.0015737364     0.99927378         162462
         595000      1.0000000     -1.9971475    0.023470801     0.99927236   0.0015779815     0.99927236         172648
         630000      1.0000000     -1.9971474    0.023470595     0.99927240   0.0015771898     0.99927240         182682
         665000      1.0000000     -1.9971491    0.023459593     0.99927279   0.0015767517     0.99927279         192872
         700000      1.0000000     -1.9971515    0.023448240     0.99927340   0.0015758210     0.99927340         202937
         735000      1.0000000     -1.9971493    0.023465538     0.99927283   0.0015770065     0.99927283         213152
         770000      1.0000000     -1.9971513    0.023451059     0.99927341   0.0015751509     0.99927341         223249
         805000      1.0000000     -1.9971506    0.023451355     0.99927324   0.0015748908     0.99927324         233466
         840000      1.0000000     -1.9971472    0.023476870     0.99927230   0.0015769808     0.99927230         243862
         875000      1.0000000     -1.9971479    0.023461208     0.99927249   0.0015756606     0.99927249         253944
         910000      1.0000000     -1.9971519    0.023430121     0.99927357   0.0015731404     0.99927357         263926
         945000      1.0000000     -1.9971548    0.023395795     0.99927432   0.0015706374     0.99927432         274032
         980000      1.0000000     -1.9971555    0.023371149     0.99927452   0.0015686962     0.99927452         284120
        1015000      1.0000000     -1.9971528    0.023388965     0.99927392   0.0015692026     0.99927392         294470
        1050000      1.0000000     -1.9971520    0.023395744     0.99927372   0.0015697969     0.99927372         304632
        1085000      1.0000000     -1.9971524    0.023398736     0.99927384   0.0015700555     0.99927384         314864
        1120000      1.0000000     -1.9971528    0.023399476     0.99927391   0.0015703677     0.99927391         324848
        1155000      1.0000000     -1.9971518    0.023406113     0.99927363   0.0015710486     0.99927363         335110
        1190000      1.0000000     -1.9971536    0.023385217     0.99927410   0.0015695198     0.99927410         345221
        1225000      1.0000000     -1.9971564    0.023362432     0.99927480   0.0015682789     0.99927480         355018
        1260000      1.0000000     -1.9971570    0.023364619     0.99927492   0.0015688207     0.99927492         365188
        1295000      1.0000000     -1.9971550    0.023379361     0.99927447   0.0015693559     0.99927447         375414
        1330000      1.0000000     -1.9971542    0.023391188     0.99927428   0.0015700830     0.99927428         385486
        1365000      1.0000000     -1.9971545    0.023384908     0.99927437   0.0015697046     0.99927437         395736
        1400000      1.0000000     -1.9971555    0.023368997     0.99927468   0.0015680727     0.99927468         405782
        1435000      1.0000000     -1.9971549    0.023376101     0.99927453   0.0015684039     0.99927453         415974
        1470000      1.0000000     -1.9971553    0.023378363     0.99927461   0.0015687223     0.99927461         426204
        1505000      1.0000000     -1.9971554    0.023371342     0.99927467   0.0015680622     0.99927467         436126
        1540000      1.0000000     -1.9971548    0.023375720     0.99927449   0.0015684561     0.99927449         446454
        1575000      1.0000000     -1.9971563    0.023368697     0.99927491   0.0015677537     0.99927491         456559
        1610000      1.0000000     -1.9971585    0.023345247     0.99927552   0.0015659123     0.99927552         466498
        1645000      1.0000000     -1.9971600    0.023332385     0.99927589   0.0015649775     0.99927589         476478
        1680000      1.0000000     -1.9971597    0.023325090     0.99927587   0.0015642061     0.99927587         486704
        1715000      1.0000000     -1.9971627    0.023291484     0.99927665   0.0015618763     0.99927665         496520
        1750000      1.0000000     -1.9971629    0.023287921     0.99927669   0.0015615373     0.99927669         506702
        1785000      1.0000000     -1.9971622    0.023300559     0.99927656   0.0015621161     0.99927656         516850
        1820000      1.0000000     -1.9971604    0.023314429     0.99927613   0.0015627215     0.99927613         527174
        1855000      1.0000000     -1.9971609    0.023301901     0.99927629   0.0015615710     0.99927629         537200
        1890000      1.0000000     -1.9971591    0.023316959     0.99927577   0.0015634502     0.99927577         547476
        1925000      1.0000000     -1.9971605    0.023307304     0.99927613   0.0015628656     0.99927613         557586
        1960000      1.0000000     -1.9971613    0.023302949     0.99927633   0.0015626003     0.99927633         567924
        1995000      1.0000000     -1.9971619    0.023299923     0.99927648   0.0015621936     0.99927648         578012
        2030000      1.0000000     -1.9971622    0.023294259     0.99927659   0.0015617724     0.99927659         587920
        2065000      1.0000000     -1.9971617    0.023302657     0.99927646   0.0015621926     0.99927646         598060
        2100000      1.0000000     -1.9971619    0.023303423     0.99927650   0.0015622640     0.99927650         608200
        2135000      1.0000000     -1.9971616    0.023304385     0.99927643   0.0015621609     0.99927643         618496
        2170000      1.0000000     -1.9971613    0.023308032     0.99927634   0.0015627272     0.99927634         628688
        2205000      1.0000000     -1.9971612    0.023312894     0.99927631   0.0015630161     0.99927631         638826
        2240000      1.0000000     -1.9971618    0.023308372     0.99927644   0.0015627641     0.99927644         648996
        2275000      1.0000000     -1.9971626    0.023306213     0.99927667   0.0015624113     0.99927667         659170
        2310000      1.0000000     -1.9971609    0.023321050     0.99927621   0.0015635434     0.99927621         669794
        2345000      1.0000000     -1.9971613    0.023317980     0.99927629   0.0015637281     0.99927629         680058
        2380000      1.0000000     -1.9971606    0.023322895     0.99927609   0.0015641508     0.99927609         690348
        2415000      1.0000000     -1.9971577    0.023346159     0.99927531   0.0015660194     0.99927531         701088
        2450000      1.0000000     -1.9971576    0.023352055     0.99927530   0.0015662767     0.99927530         711364
        2485000      1.0000000     -1.9971566    0.023359380     0.99927503   0.0015668517     0.99927503         721914
        2520000      1.0000000     -1.9971548    0.023374966     0.99927457   0.0015677395     0.99927457         732252
        2555000      1.0000000     -1.9971554    0.023364477     0.99927474   0.0015670002     0.99927474         742328
        2590000      1.0000000     -1.9971552    0.023361949     0.99927471   0.0015665654     0.99927471         752452
        2625000      1.0000000     -1.9971562    0.023346557     0.99927500   0.0015651541     0.99927500         762406
        2660000      1.0000000     -1.9971560    0.023351115     0.99927495   0.0015655191     0.99927495         772504
        2695000      1.0000000     -1.9971562    0.023348664     0.99927502   0.0015651559     0.99927502         782412
        2730000      1.0000000     -1.9971555    0.023354004     0.99927483   0.0015655764     0.99927483         792757
        2765000      1.0000000     -1.9971552    0.023357701     0.99927475   0.0015658424     0.99927475         803004
        2800000      1.0000000     -1.9971558    0.023352566     0.99927490   0.0015654369     0.99927490         812884
        2835000      1.0000000     -1.9971568    0.023345503     0.99927517   0.0015648242     0.99927517         822945
        2870000      1.0000000     -1.9971570    0.023343880     0.99927520   0.0015649687     0.99927520         833040
        2905000      1.0000000     -1.9971571    0.023346616     0.99927520   0.0015652771     0.99927520         843152
        2940000      1.0000000     -1.9971574    0.023346269     0.99927529   0.0015652146     0.99927529         853312
        2975000      1.0000000     -1.9971582    0.023343693     0.99927548   0.0015650798     0.99927548         863394
        3010000      1.0000000     -1.9971587    0.023342197     0.99927559   0.0015649851     0.99927559         873188
        3045000      1.0000000     -1.9971591    0.023335665     0.99927571   0.0015644981     0.99927571         883129
        3080000      1.0000000     -1.9971597    0.023337816     0.99927587   0.0015646111     0.99927587         893162
        3115000      1.0000000     -1.9971590    0.023345864     0.99927569   0.0015651348     0.99927569         903408
        3150000      1.0000000     -1.9971593    0.023345102     0.99927573   0.0015652676     0.99927573         913626
        3185000      1.0000000     -1.9971589    0.023353054     0.99927561   0.0015659138     0.99927561         923907
        3220000      1.0000000     -1.9971579    0.023356170     0.99927534   0.0015662005     0.99927534         934154
        3255000      1.0000000     -1.9971583    0.023348386     0.99927543   0.0015657505     0.99927543         944172
        3290000      1.0000000     -1.9971586    0.023344905     0.99927550   0.0015655384     0.99927550         954234
        3325000      1.0000000     -1.9971587    0.023344822     0.99927555   0.0015653627     0.99927555         964164
        3360000      1.0000000     -1.9971586    0.023347986     0.99927550   0.0015656828     0.99927550         974310
        3395000      1.0000000     -1.9971587    0.023351100     0.99927552   0.0015659631     0.99927552         984514
        3430000      1.0000000     -1.9971592    0.023349501     0.99927565   0.0015658354     0.99927565         994616
        3465000      1.0000000     -1.9971600    0.023345778     0.99927587   0.0015655390     0.99927587        1004764
        3500000      1.0000000     -1.9971598    0.023345531     0.99927581   0.0015656036     0.99927581        1015012
        3535000      1.0000000     -1.9971593    0.023351783     0.99927566   0.0015661539     0.99927566        1025398
        3570000      1.0000000     -1.9971583    0.023359986     0.99927538   0.0015667704     0.99927538        1035812
        3605000      1.0000000     -1.9971583    0.023359761     0.99927538   0.0015668033     0.99927538        1045940
        3640000      1.0000000     -1.9971578    0.023367486     0.99927522   0.0015675148     0.99927522        1056282
        3675000      1.0000000     -1.9971585    0.023363755     0.99927540   0.0015673837     0.99927540        1066364
        3710000      1.0000000     -1.9971581    0.023368383     0.99927527   0.0015678016     0.99927527        1076606
        3745000      1.0000000     -1.9971584    0.023366683     0.99927534   0.0015676674     0.99927534        1086930
        3780000      1.0000000     -1.9971585    0.023362996     0.99927538   0.0015674225     0.99927538        1097054
        3815000      1.0000000     -1.9971587    0.023363433     0.99927544   0.0015673713     0.99927544        1107052
        3850000      1.0000000     -1.9971572    0.023378647     0.99927505   0.0015684610     0.99927505        1117600
        3885000      1.0000000     -1.9971574    0.023377185     0.99927510   0.0015683300     0.99927510        1127564
        3920000      1.0000000     -1.9971578    0.023372779     0.99927523   0.0015678682     0.99927523        1137686
        3955000      1.0000000     -1.9971576    0.023371392     0.99927516   0.0015679031     0.99927516        1147780
        3990000      1.0000000     -1.9971570    0.023376482     0.99927500   0.0015683329     0.99927500        1157985
        4025000      1.0000000     -1.9971569    0.023376036     0.99927498   0.0015682985     0.99927498        1168080
        4060000      1.0000000     -1.9971565    0.023377911     0.99927487   0.0015684277     0.99927487        1178368
        4095000      1.0000000     -1.9971570    0.023370871     0.99927500   0.0015680531     0.99927500        1188317
        4130000      1.0000000     -1.9971573    0.023368374     0.99927504   0.0015679399     0.99927504        1198528
        4165000      1.0000000     -1.9971565    0.023375098     0.99927486   0.0015685977     0.99927486        1208896
        4200000      1.0000000     -1.9971564    0.023377648     0.99927480   0.0015688993     0.99927480        1219126
        4235000      1.0000000     -1.9971566    0.023375844     0.99927487   0.0015685878     0.99927487        1229111
        4270000      1.0000000     -1.9971574    0.023366897     0.99927509   0.0015679121     0.99927509        1239124
        4305000      1.0000000     -1.9971570    0.023369294     0.99927498   0.0015681169     0.99927498        1249262
        4340000      1.0000000     -1.9971573    0.023366549     0.99927506   0.0015678766     0.99927506        1259204
        4375000      1.0000000     -1.9971574    0.023364398     0.99927507   0.0015678685     0.99927507        1269360
        4410000      1.0000000     -1.9971574    0.023361114     0.99927509   0.0015674987     0.99927509        1279364
        4445000      1.0000000     -1.9971575    0.023363608     0.99927511   0.0015676430     0.99927511        1289520
        4480000      1.0000000     -1.9971569    0.023368626     0.99927497   0.0015679790     0.99927497        1299714
        4515000      1.0000000     -1.9971572    0.023365922     0.99927504   0.0015677263     0.99927504        1309802
        4550000      1.0000000     -1.9971566    0.023370845     0.99927490   0.0015680885     0.99927490        1319868
        4585000      1.0000000     -1.9971562    0.023375476     0.99927481   0.0015683540     0.99927481        1330124
        4620000      1.0000000     -1.9971567    0.023369096     0.99927493   0.0015678567     0.99927493        1340058
        4655000      1.0000000     -1.9971571    0.023364654     0.99927507   0.0015673928     0.99927507        1349936
        4690000      1.0000000     -1.9971568    0.023368683     0.99927499   0.0015675863     0.99927499        1360202
        4725000      1.0000000     -1.9971566    0.023371752     0.99927496   0.0015677777     0.99927496        1370192
        4760000      1.0000000     -1.9971567    0.023370860     0.99927496   0.0015677926     0.99927496        1380296
        4795000      1.0000000     -1.9971565    0.023371631     0.99927492   0.0015678866     0.99927492        1390570
        4830000      1.0000000     -1.9971574    0.023364457     0.99927514   0.0015674356     0.99927514        1400462
        4865000      1.0000000     -1.9971566    0.023369335     0.99927495   0.0015676629     0.99927495        1410906
        4900000      1.0000000     -1.9971557    0.023377524     0.99927469   0.0015683642     0.99927469        1421370
        4935000      1.0000000     -1.9971558    0.023375953     0.99927471   0.0015682220     0.99927471        1431296
        4970000      1.0000000     -1.9971556    0.023377127     0.99927468   0.0015681985     0.99927468        1441741
        5005000      1.0000000     -1.9971564    0.023369717     0.99927488   0.0015676882     0.99927488        1451750
        5040000      1.0000000     -1.9971565    0.023366418     0.99927490   0.0015675193     0.99927490        1462024
        5075000      1.0000000     -1.9971572    0.023361519     0.99927509   0.0015672289     0.99927509        1472142
        5110000      1.0000000     -1.9971572    0.023361970     0.99927509   0.0015673082     0.99927509        1482135
        5145000      1.0000000     -1.9971570    0.023363609     0.99927502   0.0015673673     0.99927502        1492460
        5180000      1.0000000     -1.9971578    0.023357627     0.99927521   0.0015671575     0.99927521        1502300
        5215000      1.0000000     -1.9971575    0.023360791     0.99927515   0.0015673919     0.99927515        1512374
        5250000      1.0000000     -1.9971575    0.023360461     0.99927514   0.0015673215     0.99927514        1522582
        5285000      1.0000000     -1.9971573    0.023364478     0.99927510   0.0015675662     0.99927510        1532748
        5320000      1.0000000     -1.9971572    0.023365538     0.99927506   0.0015676987     0.99927506        1543056
        5355000      1.0000000     -1.9971570    0.023366661     0.99927501   0.0015677629     0.99927501        1553432
        5390000      1.0000000     -1.9971573    0.023363716     0.99927509   0.0015675377     0.99927509        1563282
        5425000      1.0000000     -1.9971568    0.023370654     0.99927493   0.0015681639     0.99927493        1573412
        5460000      1.0000000     -1.9971566    0.023371937     0.99927489   0.0015683142     0.99927489        1583674
        5495000      1.0000000     -1.9971570    0.023369559     0.99927497   0.0015682114     0.99927497        1593954
        5530000      1.0000000     -1.9971564    0.023371671     0.99927481   0.0015683327     0.99927481        1604365
        5565000      1.0000000     -1.9971570    0.023366519     0.99927498   0.0015679603     0.99927498        1614340
        5600000      1.0000000     -1.9971571    0.023368722     0.99927500   0.0015682298     0.99927500        1624426
        5635000      1.0000000     -1.9971573    0.023368817     0.99927504   0.0015681745     0.99927504        1634502
        5670000      1.0000000     -1.9971570    0.023371084     0.99927499   0.0015682435     0.99927499        1644696
        5705000      1.0000000     -1.9971568    0.023374380     0.99927493   0.0015684538     0.99927493        1654847
        5740000      1.0000000     -1.9971563    0.023380166     0.99927480   0.0015688234     0.99927480        1665168
        5775000      1.0000000     -1.9971565    0.023380386     0.99927484   0.0015689056     0.99927484        1675258
        5810000      1.0000000     -1.9971564    0.023379666     0.99927485   0.0015687445     0.99927485        1685242
        5845000      1.0000000     -1.9971569    0.023374272     0.99927496   0.0015683644     0.99927496        1695288
        5880000      1.0000000     -1.9971567    0.023375269     0.99927492   0.0015684364     0.99927492        1705314
        5915000      1.0000000     -1.9971567    0.023375688     0.99927493   0.0015684670     0.99927493        1715496
        5950000      1.0000000     -1.9971567    0.023376865     0.99927492   0.0015684838     0.99927492        1725542
        5985000      1.0000000     -1.9971562    0.023381722     0.99927476   0.0015689946     0.99927476        1735756
        6020000      1.0000000     -1.9971559    0.023384476     0.99927471   0.0015691162     0.99927471        1745954
        6055000      1.0000000     -1.9971554    0.023389179     0.99927457   0.0015694792     0.99927457        1756248
        6090000      1.0000000     -1.9971555    0.023387717     0.99927461   0.0015693600     0.99927461        1766276
        6125000      1.0000000     -1.9971559    0.023384348     0.99927471   0.0015690375     0.99927471        1776208
        6160000      1.0000000     -1.9971560    0.023383103     0.99927475   0.0015689104     0.99927475        1786440
        6195000      1.0000000     -1.9971557    0.023384147     0.99927469   0.0015689273     0.99927469        1796574
        6230000      1.0000000     -1.9971551    0.023390364     0.99927453   0.0015694464     0.99927453        1807002
        6265000      1.0000000     -1.9971546    0.023392874     0.99927439   0.0015696568     0.99927439        1817365
        6300000      1.0000000     -1.9971543    0.023395103     0.99927432   0.0015696867     0.99927432        1827395
        6335000      1.0000000     -1.9971543    0.023395757     0.99927432   0.0015697020     0.99927432        1837606
        6370000      1.0000000     -1.9971540    0.023396720     0.99927425   0.0015697286     0.99927425        1847718
        6405000      1.0000000     -1.9971543    0.023394125     0.99927433   0.0015696125     0.99927433        1857634
        6440000      1.0000000     -1.9971538    0.023399063     0.99927421   0.0015699044     0.99927421        1867958
        6475000      1.0000000     -1.9971536    0.023401786     0.99927414   0.0015701889     0.99927414        1878234
        6510000      1.0000000     -1.9971538    0.023401757     0.99927419   0.0015701397     0.99927419        1888444
        6545000      1.0000000     -1.9971533    0.023406482     0.99927405   0.0015705273     0.99927405        1899030
        6580000      1.0000000     -1.9971531    0.023408887     0.99927400   0.0015706942     0.99927400        1909244
        6615000      1.0000000     -1.9971536    0.023405307     0.99927415   0.0015704590     0.99927415        1919106
        6650000      1.0000000     -1.9971539    0.023405610     0.99927421   0.0015705361     0.99927421        1929196
        6685000      1.0000000     -1.9971542    0.023402445     0.99927428   0.0015703433     0.99927428        1939194
        6720000      1.0000000     -1.9971546    0.023397244     0.99927440   0.0015699281     0.99927440        1949178
        6755000      1.0000000     -1.9971551    0.023393206     0.99927451   0.0015696800     0.99927451        1959355
        6790000      1.0000000     -1.9971553    0.023390582     0.99927457   0.0015695339     0.99927457        1969362
        6825000      1.0000000     -1.9971556    0.023389172     0.99927464   0.0015693944     0.99927464        1979360
        6860000      1.0000000     -1.9971559    0.023386767     0.99927473   0.0015691641     0.99927473        1989434
        6895000      1.0000000     -1.9971560    0.023386252     0.99927474   0.0015691193     0.99927474        1999608
        6930000      1.0000000     -1.9971563    0.023383685     0.99927482   0.0015689923     0.99927482        2009716
        6965000      1.0000000     -1.9971564    0.023382748     0.99927484   0.0015689130     0.99927484        2019752
        7000000      1.0000000     -1.9971564    0.023382382     0.99927485   0.0015688658     0.99927485        2029918
