          10000      1.0000000     -1.9970130    0.023955132     0.99924050   0.0015922639     0.99924050           2938
          20000      1.0000000     -1.9971685    0.022811043     0.99928025   0.0015152840     0.99928025           5806
          30000      1.0000000     -1.9972013    0.022736319     0.99928633   0.0015256053     0.99928633           8705
          40000      1.0000000     -1.9972065    0.022918543     0.99928750   0.0015359375     0.99928750          11532
          50000      1.0000000     -1.9971470    0.023416956     0.99927200   0.0015728064     0.99927200          14548
          60000      1.0000000     -1.9971195    0.023649755     0.99926425   0.0015953021     0.99926425          17561
          70000      1.0000000     -1.9971511    0.023398177     0.99927271   0.0015747079     0.99927271          20304
          80000      1.0000000     -1.9971621    0.023308086     0.99927569   0.0015685236     0.99927569          23142
          90000      1.0000000     -1.9971393    0.023524857     0.99926994   0.0015822520     0.99926994          26056
         100000      1.0000000     -1.9971457    0.023451989     0.99927190   0.0015745482     0.99927190          28872
         110000      1.0000000     -1.9971560    0.023381393     0.99927459   0.0015686945     0.99927459          31833
         120000      1.0000000     -1.9971580    0.023395881     0.99927462   0.0015761158     0.99927462          34733
         130000      1.0000000     -1.9971610    0.023336339     0.99927558   0.0015704691     0.99927558          37489
         140000      1.0000000     -1.9971649    0.023311519     0.99927668   0.0015676510     0.99927668          40386
         150000      1.0000000     -1.9971663    0.023314915     0.99927690   0.0015686506     0.99927690          43234
         160000      1.0000000     -1.9971702    0.023277006     0.99927797   0.0015657808     0.99927797          46138
         170000      1.0000000     -1.9971645    0.023332144     0.99927650   0.0015693838     0.99927650          49072
         180000      1.0000000     -1.9971592    0.023348977     0.99927533   0.0015692766     0.99927533          51972
         190000      1.0000000     -1.9971588    0.023365234     0.99927545   0.0015692199     0.99927545          54822
         200000      1.0000000     -1.9971667    0.023314964     0.99927755   0.0015649264     0.99927755          57615
         210000      1.0000000     -1.9971627    0.023334482     0.99927671   0.0015644574     0.99927671          60602
         220000      1.0000000     -1.9971582    0.023365549     0.99927564   0.0015658462     0.99927564          63510
         230000      1.0000000     -1.9971556    0.023403254     0.99927478   0.0015698848     0.99927478          66432
         240000      1.0000000     -1.9971541    0.023434303     0.99927404   0.0015748605     0.99927404          69444
         250000      1.0000000     -1.9971511    0.023496342     0.99927336   0.0015783177     0.99927336          72266
         260000      1.0000000     -1.9971494    0.023479992     0.99927306   0.0015761220     0.99927306          75210
         270000      1.0000000     -1.9971511    0.023430866     0.99927359   0.0015718959     0.99927359          78062
         280000      1.0000000     -1.9971602    0.023338185     0.99927604   0.0015647074     0.99927604          80880
         290000      1.0000000     -1.9971580    0.023334239     0.99927555   0.0015635182     0.99927555          83845
         300000      1.0000000     -1.9971594    0.023340930     0.99927603   0.0015628822     0.99927603          86755
         310000      1.0000000     -1.9971573    0.023356448     0.99927555   0.0015633583     0.99927555          89575
         320000      1.0000000     -1.9971558    0.023385543     0.99927522   0.0015645019     0.99927522          92460
         330000      1.0000000     -1.9971527    0.023390912     0.99927439   0.0015650953     0.99927439          95340
         340000      1.0000000     -1.9971563    0.023354091     0.99927529   0.0015635676     0.99927529          98192
         350000      1.0000000     -1.9971633    0.023303164     0.99927709   0.0015599294     0.99927709         100908
         360000      1.0000000     -1.9971613    0.023307011     0.99927644   0.0015612536     0.99927644         103794
         370000      1.0000000     -1.9971649    0.023277946     0.99927730   0.0015595668     0.99927730         106679
         380000      1.0000000     -1.9971660    0.023240430     0.99927762   0.0015567659     0.99927762         109494
         390000      1.0000000     -1.9971652    0.023250703     0.99927746   0.0015569701     0.99927746         112374
         400000      1.0000000     -1.9971697    0.023217161     0.99927866   0.0015542939     0.99927866         115034
         410000      1.0000000     -1.9971649    0.023260846     0.99927748   0.0015568175     0.99927748         118021
         420000      1.0000000     -1.9971630    0.023291919     0.99927695   0.0015590713     0.99927695         120942
         430000      1.0000000     -1.9971583    0.023322447     0.99927579   0.0015605804     0.99927579         123854
         440000      1.0000000     -1.9971572    0.023319821     0.99927560   0.0015600764     0.99927560         126766
         450000      1.0000000     -1.9971582    0.023310659     0.99927578   0.0015600675     0.99927578         129740
         460000      1.0000000     -1.9971586    0.023306213     0.99927587   0.0015598627     0.99927587         132652
         470000      1.0000000     -1.9971595    0.023300903     0.99927607   0.0015597132     0.99927607         135372
         480000      1.0000000     -1.9971533    0.023352703     0.99927439   0.0015638726     0.99927439         138480
         490000      1.0000000     -1.9971513    0.023364029     0.99927388   0.0015646495     0.99927388         141335
         500000      1.0000000     -1.9971514    0.023372397     0.99927388   0.0015652599     0.99927388         144284
         510000      1.0000000     -1.9971529    0.023356134     0.99927426   0.0015642449     0.99927426         147039
         520000      1.0000000     -1.9971545    0.023348670     0.99927464   0.0015638321     0.99927464         149866
         530000      1.0000000     -1.9971565    0.023338547     0.99927520   0.0015629404     0.99927520         152636
         540000      1.0000000     -1.9971557    0.023340848     0.99927500   0.0015631574     0.99927500         155600
         550000      1.0000000     -1.9971543    0.023359955     0.99927462   0.0015645467     0.99927462         158572
         560000      1.0000000     -1.9971555    0.023359242     0.99927491   0.0015645554     0.99927491         161519
         570000      1.0000000     -1.9971583    0.023343015     0.99927566   0.0015632367     0.99927566         164340
         580000      1.0000000     -1.9971609    0.023317068     0.99927630   0.0015616595     0.99927630         167142
         590000      1.0000000     -1.9971605    0.023323797     0.99927618   0.0015623818     0.99927618         170098
         600000      1.0000000     -1.9971553    0.023381282     0.99927475   0.0015673716     0.99927475         173208
         610000      1.0000000     -1.9971563    0.023376119     0.99927502   0.0015666659     0.99927502         176122
         620000      1.0000000     -1.9971553    0.023375567     0.99927473   0.0015670311     0.99927473         179092
         630000      1.0000000     -1.9971527    0.023382746     0.99927410   0.0015673406     0.99927410         182112
         640000      1.0000000     -1.9971540    0.023368810     0.99927445   0.0015663500     0.99927445         184874
         650000      1.0000000     -1.9971513    0.023391660     0.99927374   0.0015677869     0.99927374         187956
         660000      1.0000000     -1.9971471    0.023427316     0.99927269   0.0015702107     0.99927269         190966
         670000      1.0000000     -1.9971444    0.023459309     0.99927197   0.0015727054     0.99927197         193980
         680000      1.0000000     -1.9971450    0.023466136     0.99927210   0.0015731546     0.99927210         196934
         690000      1.0000000     -1.9971468    0.023451884     0.99927251   0.0015726495     0.99927251         199836
         700000      1.0000000     -1.9971452    0.023463475     0.99927213   0.0015733384     0.99927213         202696
         710000      1.0000000     -1.9971457    0.023452490     0.99927225   0.0015726429     0.99927225         205594
         720000      1.0000000     -1.9971453    0.023451050     0.99927213   0.0015726625     0.99927213         208430
         730000      1.0000000     -1.9971458    0.023447690     0.99927228   0.0015724576     0.99927228         211256
         740000      1.0000000     -1.9971461    0.023442059     0.99927233   0.0015721046     0.99927233         214176
         750000      1.0000000     -1.9971464    0.023433834     0.99927243   0.0015714282     0.99927243         217068
         760000      1.0000000     -1.9971479    0.023417860     0.99927282   0.0015701561     0.99927282         219880
         770000      1.0000000     -1.9971502    0.023401930     0.99927339   0.0015691526     0.99927339         222800
         780000      1.0000000     -1.9971496    0.023402724     0.99927324   0.0015690890     0.99927324         225686
         790000      1.0000000     -1.9971495    0.023405969     0.99927320   0.0015695163     0.99927320         228610
         800000      1.0000000     -1.9971492    0.023414754     0.99927311   0.0015704877     0.99927311         231448
         810000      1.0000000     -1.9971500    0.023409680     0.99927330   0.0015702828     0.99927330         234256
         820000      1.0000000     -1.9971492    0.023418412     0.99927312   0.0015705374     0.99927312         237060
         830000      1.0000000     -1.9971489    0.023418503     0.99927304   0.0015705853     0.99927304         240056
         840000      1.0000000     -1.9971477    0.023434093     0.99927273   0.0015716588     0.99927273         242993
         850000      1.0000000     -1.9971497    0.023419123     0.99927322   0.0015707738     0.99927322         245884
         860000      1.0000000     -1.9971513    0.023408148     0.99927362   0.0015699617     0.99927362         248745
         870000      1.0000000     -1.9971510    0.023404209     0.99927355   0.0015697449     0.99927355         251706
         880000      1.0000000     -1.9971518    0.023399092     0.99927373   0.0015694884     0.99927373         254564
         890000      1.0000000     -1.9971528    0.023390198     0.99927397   0.0015688724     0.99927397         257470
         900000      1.0000000     -1.9971544    0.023377361     0.99927434   0.0015684442     0.99927434         260395
         910000      1.0000000     -1.9971554    0.023368697     0.99927457   0.0015679629     0.99927457         263182
         920000      1.0000000     -1.9971550    0.023373173     0.99927445   0.0015683554     0.99927445         266064
         930000      1.0000000     -1.9971518    0.023393662     0.99927361   0.0015697695     0.99927361         269098
         940000      1.0000000     -1.9971534    0.023373329     0.99927404   0.0015683295     0.99927404         271966
         950000      1.0000000     -1.9971532    0.023375657     0.99927397   0.0015685754     0.99927397         274831
         960000      1.0000000     -1.9971511    0.023400154     0.99927345   0.0015700572     0.99927345         277846
         970000      1.0000000     -1.9971523    0.023385771     0.99927378   0.0015689687     0.99927378         280700
         980000      1.0000000     -1.9971527    0.023386282     0.99927384   0.0015692993     0.99927384         283618
         990000      1.0000000     -1.9971518    0.023399006     0.99927362   0.0015700577     0.99927362         286574
        1000000      1.0000000     -1.9971522    0.023392831     0.99927370   0.0015697082     0.99927370         289476
        1010000      1.0000000     -1.9971546    0.023373737     0.99927430   0.0015686618     0.99927430         292137
        1020000      1.0000000     -1.9971534    0.023385021     0.99927399   0.0015693600     0.99927399         294998
        1030000      1.0000000     -1.9971534    0.023387164     0.99927403   0.0015692573     0.99927403         297830
        1040000      1.0000000     -1.9971523    0.023394864     0.99927374   0.0015697303     0.99927374         300692
        1050000      1.0000000     -1.9971528    0.023389642     0.99927387   0.0015693330     0.99927387         303590
        1060000      1.0000000     -1.9971527    0.023390815     0.99927387   0.0015691428     0.99927387         306482
        1070000      1.0000000     -1.9971529    0.023389832     0.99927393   0.0015690448     0.99927393         309426
        1080000      1.0000000     -1.9971537    0.023379185     0.99927416   0.0015682610     0.99927416         312154
        1090000      1.0000000     -1.9971534    0.023376821     0.99927407   0.0015680811     0.99927407         315058
        1100000      1.0000000     -1.9971541    0.023372393     0.99927429   0.0015674294     0.99927429         317812
        1110000      1.0000000     -1.9971534    0.023382044     0.99927406   0.0015686657     0.99927406         320722
        1120000      1.0000000     -1.9971527    0.023390936     0.99927386   0.0015695152     0.99927386         323642
        1130000      1.0000000     -1.9971525    0.023399236     0.99927382   0.0015700642     0.99927382         326648
        1140000      1.0000000     -1.9971516    0.023411987     0.99927359   0.0015708888     0.99927359         329678
        1150000      1.0000000     -1.9971518    0.023410541     0.99927365   0.0015707588     0.99927365         332530
        1160000      1.0000000     -1.9971522    0.023404798     0.99927375   0.0015705071     0.99927375         335428
        1170000      1.0000000     -1.9971518    0.023414183     0.99927364   0.0015711149     0.99927364         338274
        1180000      1.0000000     -1.9971508    0.023422806     0.99927340   0.0015715997     0.99927340         341186
        1190000      1.0000000     -1.9971501    0.023434044     0.99927321   0.0015723132     0.99927321         344134
        1200000      1.0000000     -1.9971499    0.023432834     0.99927316   0.0015722912     0.99927316         347024
        1210000      1.0000000     -1.9971501    0.023437682     0.99927320   0.0015725822     0.99927320         349965
        1220000      1.0000000     -1.9971487    0.023447475     0.99927283   0.0015733677     0.99927283         352878
        1230000      1.0000000     -1.9971505    0.023435619     0.99927331   0.0015727030     0.99927331         355686
        1240000      1.0000000     -1.9971501    0.023441599     0.99927321   0.0015729741     0.99927321         358600
        1250000      1.0000000     -1.9971499    0.023448957     0.99927317   0.0015734804     0.99927317         361506
        1260000      1.0000000     -1.9971487    0.023463061     0.99927286   0.0015745688     0.99927286         364626
        1270000      1.0000000     -1.9971480    0.023464648     0.99927268   0.0015745367     0.99927268         367440
        1280000      1.0000000     -1.9971478    0.023465685     0.99927261   0.0015747619     0.99927261         370302
        1290000      1.0000000     -1.9971479    0.023466000     0.99927262   0.0015749201     0.99927262         373284
        1300000      1.0000000     -1.9971486    0.023461750     0.99927282   0.0015743932     0.99927282         376106
        1310000      1.0000000     -1.9971477    0.023476490     0.99927256   0.0015755620     0.99927256         379114
        1320000      1.0000000     -1.9971480    0.023474547     0.99927265   0.0015754463     0.99927265         381890
        1330000      1.0000000     -1.9971487    0.023470384     0.99927286   0.0015749564     0.99927286         384888
        1340000      1.0000000     -1.9971489    0.023466955     0.99927293   0.0015744651     0.99927293         387704
        1350000      1.0000000     -1.9971488    0.023474426     0.99927290   0.0015750614     0.99927290         390677
        1360000      1.0000000     -1.9971478    0.023487843     0.99927255   0.0015768621     0.99927255         393566
        1370000      1.0000000     -1.9971481    0.023482133     0.99927262   0.0015766742     0.99927262         396485
        1380000      1.0000000     -1.9971490    0.023474815     0.99927289   0.0015759361     0.99927289         399388
        1390000      1.0000000     -1.9971492    0.023470564     0.99927294   0.0015756772     0.99927294         402264
        1400000      1.0000000     -1.9971494    0.023468750     0.99927297   0.0015757004     0.99927297         405266
        1410000      1.0000000     -1.9971495    0.023467169     0.99927299   0.0015755255     0.99927299         408142
        1420000      1.0000000     -1.9971490    0.023471468     0.99927290   0.0015755783     0.99927290         410998
        1430000      1.0000000     -1.9971487    0.023473864     0.99927281   0.0015757743     0.99927281         413928
        1440000      1.0000000     -1.9971473    0.023483608     0.99927246   0.0015764072     0.99927246         416882
        1450000      1.0000000     -1.9971466    0.023487369     0.99927226   0.0015768398     0.99927226         419826
        1460000      1.0000000     -1.9971469    0.023487621     0.99927233   0.0015768417     0.99927233         422694
        1470000      1.0000000     -1.9971465    0.023490098     0.99927221   0.0015769951     0.99927221         425620
        1480000      1.0000000     -1.9971482    0.023474484     0.99927264   0.0015759612     0.99927264         428422
        1490000      1.0000000     -1.9971483    0.023472286     0.99927269   0.0015756974     0.99927269         431332
        1500000      1.0000000     -1.9971485    0.023470067     0.99927275   0.0015755477     0.99927275         434108
        1510000      1.0000000     -1.9971493    0.023464355     0.99927294   0.0015751583     0.99927294         436870
        1520000      1.0000000     -1.9971487    0.023465146     0.99927281   0.0015750347     0.99927281         439793
        1530000      1.0000000     -1.9971482    0.023465332     0.99927267   0.0015750350     0.99927267         442757
        1540000      1.0000000     -1.9971484    0.023460681     0.99927275   0.0015746786     0.99927275         445572
        1550000      1.0000000     -1.9971487    0.023458848     0.99927283   0.0015745258     0.99927283         448448
        1560000      1.0000000     -1.9971483    0.023463547     0.99927275   0.0015746820     0.99927275         451382
        1570000      1.0000000     -1.9971483    0.023463493     0.99927270   0.0015756199     0.99927270         454360
        1580000      1.0000000     -1.9971478    0.023467474     0.99927259   0.0015758554     0.99927259         457253
        1590000      1.0000000     -1.9971468    0.023480804     0.99927229   0.0015769880     0.99927229         460316
        1600000      1.0000000     -1.9971475    0.023475930     0.99927248   0.0015766697     0.99927248         463157
        1610000      1.0000000     -1.9971475    0.023478856     0.99927248   0.0015767693     0.99927248         466148
        1620000      1.0000000     -1.9971481    0.023480653     0.99927262   0.0015769663     0.99927262         469038
        1630000      1.0000000     -1.9971478    0.023480143     0.99927255   0.0015769904     0.99927255         472008
        1640000      1.0000000     -1.9971485    0.023473283     0.99927276   0.0015763324     0.99927276         474968
        1650000      1.0000000     -1.9971485    0.023470045     0.99927275   0.0015760759     0.99927275         477886
        1660000      1.0000000     -1.9971485    0.023470178     0.99927275   0.0015760592     0.99927275         480804
        1670000      1.0000000     -1.9971483    0.023471351     0.99927275   0.0015759074     0.99927275         483707
        1680000      1.0000000     -1.9971481    0.023478060     0.99927264   0.0015769087     0.99927264         486636
        1690000      1.0000000     -1.9971485    0.023471789     0.99927274   0.0015764293     0.99927274         489488
        1700000      1.0000000     -1.9971477    0.023483219     0.99927251   0.0015773715     0.99927251         492546
        1710000      1.0000000     -1.9971470    0.023485827     0.99927234   0.0015775331     0.99927234         495528
        1720000      1.0000000     -1.9971478    0.023481489     0.99927253   0.0015772987     0.99927253         498324
        1730000      1.0000000     -1.9971475    0.023484399     0.99927247   0.0015773582     0.99927247         501180
        1740000      1.0000000     -1.9971475    0.023481941     0.99927248   0.0015770576     0.99927248         504042
        1750000      1.0000000     -1.9971479    0.023477505     0.99927257   0.0015767162     0.99927257         506930
        1760000      1.0000000     -1.9971476    0.023478927     0.99927253   0.0015765941     0.99927253         509806
        1770000      1.0000000     -1.9971482    0.023475477     0.99927269   0.0015763245     0.99927269         512606
        1780000      1.0000000     -1.9971486    0.023474439     0.99927279   0.0015762283     0.99927279         515422
        1790000      1.0000000     -1.9971488    0.023470773     0.99927285   0.0015758454     0.99927285         518268
        1800000      1.0000000     -1.9971491    0.023465840     0.99927293   0.0015755647     0.99927293         521122
        1810000      1.0000000     -1.9971483    0.023471453     0.99927276   0.0015758243     0.99927276         524038
        1820000      1.0000000     -1.9971484    0.023468829     0.99927276   0.0015757374     0.99927276         527014
        1830000      1.0000000     -1.9971489    0.023462150     0.99927291   0.0015751792     0.99927291         529984
        1840000      1.0000000     -1.9971489    0.023460118     0.99927291   0.0015748895     0.99927291         532915
        1850000      1.0000000     -1.9971495    0.023452013     0.99927307   0.0015743227     0.99927307         535634
        1860000      1.0000000     -1.9971494    0.023451670     0.99927305   0.0015742756     0.99927305         538490
        1870000      1.0000000     -1.9971497    0.023448838     0.99927310   0.0015741845     0.99927310         541326
        1880000      1.0000000     -1.9971502    0.023443768     0.99927324   0.0015738021     0.99927324         544158
        1890000      1.0000000     -1.9971498    0.023444501     0.99927316   0.0015737321     0.99927316         547044
        1900000      1.0000000     -1.9971498    0.023441660     0.99927317   0.0015734127     0.99927317         549945
        1910000      1.0000000     -1.9971503    0.023434469     0.99927331   0.0015727822     0.99927331         552813
        1920000      1.0000000     -1.9971506    0.023435568     0.99927339   0.0015728535     0.99927339         555721
        1930000      1.0000000     -1.9971504    0.023439495     0.99927334   0.0015730293     0.99927334         558628
        1940000      1.0000000     -1.9971508    0.023432565     0.99927345   0.0015725156     0.99927345         561522
        1950000      1.0000000     -1.9971495    0.023440846     0.99927313   0.0015730147     0.99927313         564606
        1960000      1.0000000     -1.9971501    0.023436947     0.99927330   0.0015725798     0.99927330         567520
        1970000      1.0000000     -1.9971502    0.023434186     0.99927333   0.0015724655     0.99927333         570482
        1980000      1.0000000     -1.9971502    0.023433795     0.99927330   0.0015726232     0.99927330         573370
        1990000      1.0000000     -1.9971492    0.023443676     0.99927305   0.0015732709     0.99927305         576344
        2000000      1.0000000     -1.9971484    0.023453505     0.99927285   0.0015740147     0.99927285         579308
        2010000      1.0000000     -1.9971486    0.023454845     0.99927287   0.0015741784     0.99927287         582306
        2020000      1.0000000     -1.9971482    0.023455306     0.99927278   0.0015741187     0.99927278         585324
        2030000      1.0000000     -1.9971481    0.023456569     0.99927276   0.0015741953     0.99927276         588308
        2040000      1.0000000     -1.9971476    0.023462300     0.99927262   0.0015746041     0.99927262         591214
        2050000      1.0000000     -1.9971477    0.023460999     0.99927264   0.0015745345     0.99927264         594132
        2060000      1.0000000     -1.9971469    0.023468268     0.99927243   0.0015751289     0.99927243         597088
        2070000      1.0000000     -1.9971472    0.023465045     0.99927251   0.0015748718     0.99927251         599994
        2080000      1.0000000     -1.9971472    0.023462571     0.99927254   0.0015745637     0.99927254         602862
        2090000      1.0000000     -1.9971476    0.023460810     0.99927263   0.0015745176     0.99927263         605758
        2100000      1.0000000     -1.9971481    0.023458242     0.99927277   0.0015742140     0.99927277         608684
        2110000      1.0000000     -1.9971478    0.023458136     0.99927271   0.0015740952     0.99927271         611615
        2120000      1.0000000     -1.9971481    0.023454187     0.99927281   0.0015736990     0.99927281         614413
        2130000      1.0000000     -1.9971483    0.023454445     0.99927282   0.0015739025     0.99927282         617268
        2140000      1.0000000     -1.9971490    0.023445942     0.99927302   0.0015732568     0.99927302         620058
        2150000      1.0000000     -1.9971496    0.023439956     0.99927317   0.0015728007     0.99927317         622910
        2160000      1.0000000     -1.9971495    0.023444347     0.99927311   0.0015732178     0.99927311         625874
        2170000      1.0000000     -1.9971499    0.023439514     0.99927321   0.0015730218     0.99927321         628805
        2180000      1.0000000     -1.9971497    0.023441059     0.99927318   0.0015730994     0.99927318         631802
        2190000      1.0000000     -1.9971495    0.023441046     0.99927314   0.0015729877     0.99927314         634742
        2200000      1.0000000     -1.9971495    0.023439662     0.99927315   0.0015728334     0.99927315         637611
        2210000      1.0000000     -1.9971503    0.023433167     0.99927336   0.0015723160     0.99927336         640428
        2220000      1.0000000     -1.9971498    0.023435282     0.99927323   0.0015724517     0.99927323         643326
        2230000      1.0000000     -1.9971491    0.023442590     0.99927303   0.0015730192     0.99927303         646275
        2240000      1.0000000     -1.9971488    0.023444011     0.99927296   0.0015731664     0.99927296         649193
        2250000      1.0000000     -1.9971487    0.023446184     0.99927292   0.0015732765     0.99927292         652128
        2260000      1.0000000     -1.9971487    0.023445884     0.99927294   0.0015731713     0.99927294         655134
        2270000      1.0000000     -1.9971484    0.023451381     0.99927285   0.0015735875     0.99927285         658174
        2280000      1.0000000     -1.9971482    0.023451520     0.99927280   0.0015735876     0.99927280         661152
        2290000      1.0000000     -1.9971484    0.023450437     0.99927284   0.0015734844     0.99927284         664028
        2300000      1.0000000     -1.9971482    0.023454164     0.99927279   0.0015737248     0.99927279         666878
        2310000      1.0000000     -1.9971484    0.023451726     0.99927284   0.0015735138     0.99927284         669760
        2320000      1.0000000     -1.9971486    0.023447537     0.99927289   0.0015732326     0.99927289         672698
        2330000      1.0000000     -1.9971483    0.023450748     0.99927284   0.0015734004     0.99927284         675596
        2340000      1.0000000     -1.9971477    0.023455180     0.99927267   0.0015737077     0.99927267         678518
        2350000      1.0000000     -1.9971476    0.023456376     0.99927264   0.0015738072     0.99927264         681448
        2360000      1.0000000     -1.9971470    0.023461064     0.99927250   0.0015740627     0.99927250         684502
        2370000      1.0000000     -1.9971467    0.023465749     0.99927244   0.0015742535     0.99927244         687436
        2380000      1.0000000     -1.9971473    0.023458712     0.99927261   0.0015736275     0.99927261         690204
        2390000      1.0000000     -1.9971479    0.023449698     0.99927279   0.0015728994     0.99927279         693083
        2400000      1.0000000     -1.9971476    0.023451516     0.99927270   0.0015729526     0.99927270         696035
        2410000      1.0000000     -1.9971486    0.023441243     0.99927298   0.0015721009     0.99927298         698808
        2420000      1.0000000     -1.9971480    0.023444712     0.99927282   0.0015724024     0.99927282         701738
        2430000      1.0000000     -1.9971471    0.023453471     0.99927258   0.0015729668     0.99927258         704862
        2440000      1.0000000     -1.9971473    0.023454256     0.99927263   0.0015729804     0.99927263         707741
        2450000      1.0000000     -1.9971472    0.023455181     0.99927261   0.0015730375     0.99927261         710642
        2460000      1.0000000     -1.9971467    0.023457918     0.99927250   0.0015731813     0.99927250         713538
        2470000      1.0000000     -1.9971471    0.023453463     0.99927261   0.0015727591     0.99927261         716408
        2480000      1.0000000     -1.9971471    0.023453543     0.99927259   0.0015728975     0.99927259         719382
        2490000      1.0000000     -1.9971468    0.023453986     0.99927251   0.0015728840     0.99927251         722302
        2500000      1.0000000     -1.9971460    0.023461051     0.99927233   0.0015732717     0.99927233         725207
        2510000      1.0000000     -1.9971457    0.023464217     0.99927227   0.0015733486     0.99927227         728202
        2520000      1.0000000     -1.9971460    0.023460361     0.99927234   0.0015731047     0.99927234         731104
        2530000      1.0000000     -1.9971454    0.023467628     0.99927216   0.0015737060     0.99927216         734100
        2540000      1.0000000     -1.9971453    0.023470816     0.99927212   0.0015741224     0.99927212         736992
        2550000      1.0000000     -1.9971456    0.023468718     0.99927219   0.0015739850     0.99927219         739832
        2560000      1.0000000     -1.9971462    0.023467130     0.99927234   0.0015738711     0.99927234         742588
        2570000      1.0000000     -1.9971463    0.023467131     0.99927237   0.0015739365     0.99927237         745458
        2580000      1.0000000     -1.9971468    0.023462461     0.99927250   0.0015735328     0.99927250         748244
        2590000      1.0000000     -1.9971470    0.023460382     0.99927255   0.0015733753     0.99927255         751112
        2600000      1.0000000     -1.9971477    0.023455681     0.99927273   0.0015731137     0.99927273         753986
        2610000      1.0000000     -1.9971474    0.023456490     0.99927265   0.0015731491     0.99927265         756916
        2620000      1.0000000     -1.9971475    0.023452556     0.99927268   0.0015729156     0.99927268         759706
        2630000      1.0000000     -1.9971477    0.023451406     0.99927273   0.0015731158     0.99927273         762614
        2640000      1.0000000     -1.9971473    0.023453380     0.99927262   0.0015732344     0.99927262         765470
        2650000      1.0000000     -1.9971476    0.023449618     0.99927271   0.0015729024     0.99927271         768326
        2660000      1.0000000     -1.9971475    0.023450047     0.99927266   0.0015730108     0.99927266         771200
        2670000      1.0000000     -1.9971471    0.023451893     0.99927256   0.0015731125     0.99927256         774118
        2680000      1.0000000     -1.9971477    0.023447508     0.99927272   0.0015727364     0.99927272         777004
        2690000      1.0000000     -1.9971475    0.023449472     0.99927267   0.0015730948     0.99927267         779952
        2700000      1.0000000     -1.9971470    0.023454774     0.99927254   0.0015734101     0.99927254         782970
        2710000      1.0000000     -1.9971468    0.023456288     0.99927248   0.0015735498     0.99927248         785950
        2720000      1.0000000     -1.9971466    0.023459687     0.99927244   0.0015738420     0.99927244         788916
        2730000      1.0000000     -1.9971459    0.023465832     0.99927224   0.0015742398     0.99927224         791866
        2740000      1.0000000     -1.9971462    0.023460732     0.99927234   0.0015738558     0.99927234         794794
        2750000      1.0000000     -1.9971463    0.023462371     0.99927237   0.0015739045     0.99927237         797642
        2760000      1.0000000     -1.9971468    0.023456853     0.99927251   0.0015734798     0.99927251         800546
        2770000      1.0000000     -1.9971469    0.023452947     0.99927253   0.0015732374     0.99927253         803466
        2780000      1.0000000     -1.9971471    0.023451827     0.99927254   0.0015733057     0.99927254         806394
        2790000      1.0000000     -1.9971468    0.023453947     0.99927249   0.0015733895     0.99927249         809396
        2800000      1.0000000     -1.9971472    0.023450780     0.99927259   0.0015731919     0.99927259         812354
        2810000      1.0000000     -1.9971483    0.023441563     0.99927289   0.0015724556     0.99927289         815058
        2820000      1.0000000     -1.9971483    0.023444538     0.99927287   0.0015727670     0.99927287         818110
        2830000      1.0000000     -1.9971482    0.023443837     0.99927285   0.0015727403     0.99927285         820992
        2840000      1.0000000     -1.9971482    0.023443098     0.99927285   0.0015726201     0.99927285         823836
        2850000      1.0000000     -1.9971481    0.023445419     0.99927284   0.0015727281     0.99927284         826759
        2860000      1.0000000     -1.9971479    0.023446938     0.99927280   0.0015727851     0.99927280         829744
        2870000      1.0000000     -1.9971478    0.023445535     0.99927278   0.0015726210     0.99927278         832580
        2880000      1.0000000     -1.9971479    0.023446139     0.99927280   0.0015726845     0.99927280         835458
        2890000      1.0000000     -1.9971478    0.023446744     0.99927275   0.0015728567     0.99927275         838468
        2900000      1.0000000     -1.9971475    0.023448750     0.99927269   0.0015728586     0.99927269         841431
        2910000      1.0000000     -1.9971480    0.023445192     0.99927281   0.0015725929     0.99927281         844148
        2920000      1.0000000     -1.9971480    0.023445916     0.99927282   0.0015726810     0.99927282         847025
        2930000      1.0000000     -1.9971479    0.023447743     0.99927281   0.0015727844     0.99927281         849976
        2940000      1.0000000     -1.9971483    0.023444793     0.99927291   0.0015725802     0.99927291         852852
        2950000      1.0000000     -1.9971480    0.023447976     0.99927282   0.0015728049     0.99927282         855774
        2960000      1.0000000     -1.9971476    0.023453027     0.99927272   0.0015732452     0.99927272         858778
        2970000      1.0000000     -1.9971478    0.023451161     0.99927275   0.0015731375     0.99927275         861710
        2980000      1.0000000     -1.9971481    0.023449519     0.99927285   0.0015729996     0.99927285         864555
        2990000      1.0000000     -1.9971484    0.023447740     0.99927293   0.0015727616     0.99927293         867458
        3000000      1.0000000     -1.9971482    0.023449946     0.99927289   0.0015728734     0.99927289         870406
        3010000      1.0000000     -1.9971478    0.023453792     0.99927276   0.0015731911     0.99927276         873334
        3020000      1.0000000     -1.9971475    0.023456346     0.99927268   0.0015733306     0.99927268         876366
        3030000      1.0000000     -1.9971476    0.023454874     0.99927273   0.0015732254     0.99927273         879178
        3040000      1.0000000     -1.9971479    0.023453663     0.99927280   0.0015730859     0.99927280         882040
        3050000      1.0000000     -1.9971484    0.023449073     0.99927294   0.0015727512     0.99927294         884868
        3060000      1.0000000     -1.9971485    0.023449693     0.99927295   0.0015727802     0.99927295         887788
        3070000      1.0000000     -1.9971488    0.023448259     0.99927302   0.0015728017     0.99927302         890604
        3080000      1.0000000     -1.9971486    0.023451551     0.99927297   0.0015730264     0.99927297         893534
        3090000      1.0000000     -1.9971483    0.023453895     0.99927289   0.0015732147     0.99927289         896492
        3100000      1.0000000     -1.9971493    0.023446703     0.99927315   0.0015726918     0.99927315         899208
        3110000      1.0000000     -1.9971489    0.023449273     0.99927304   0.0015728465     0.99927304         902106
        3120000      1.0000000     -1.9971492    0.023445733     0.99927312   0.0015725521     0.99927312         904936
        3130000      1.0000000     -1.9971493    0.023445974     0.99927314   0.0015725762     0.99927314         907782
        3140000      1.0000000     -1.9971497    0.023442223     0.99927327   0.0015722917     0.99927327         910595
        3150000      1.0000000     -1.9971496    0.023442934     0.99927322   0.0015723471     0.99927322         913510
        3160000      1.0000000     -1.9971489    0.023446518     0.99927305   0.0015725441     0.99927305         916492
        3170000      1.0000000     -1.9971487    0.023448492     0.99927300   0.0015727565     0.99927300         919452
        3180000      1.0000000     -1.9971487    0.023450372     0.99927300   0.0015728899     0.99927300         922352
        3190000      1.0000000     -1.9971493    0.023444004     0.99927315   0.0015723982     0.99927315         925222
        3200000      1.0000000     -1.9971492    0.023443142     0.99927314   0.0015722706     0.99927314         928010
        3210000      1.0000000     -1.9971493    0.023441304     0.99927318   0.0015720957     0.99927318         930980
        3220000      1.0000000     -1.9971487    0.023446844     0.99927302   0.0015724085     0.99927302         933980
        3230000      1.0000000     -1.9971484    0.023449478     0.99927294   0.0015725957     0.99927294         937008
        3240000      1.0000000     -1.9971491    0.023443927     0.99927313   0.0015721042     0.99927313         939804
        3250000      1.0000000     -1.9971494    0.023439436     0.99927324   0.0015717169     0.99927324         942676
        3260000      1.0000000     -1.9971494    0.023441685     0.99927322   0.0015718868     0.99927322         945606
        3270000      1.0000000     -1.9971495    0.023441979     0.99927325   0.0015719456     0.99927325         948576
        3280000      1.0000000     -1.9971497    0.023440289     0.99927330   0.0015718518     0.99927330         951394
        3290000      1.0000000     -1.9971495    0.023441033     0.99927326   0.0015718289     0.99927326         954318
        3300000      1.0000000     -1.9971494    0.023441344     0.99927323   0.0015718574     0.99927323         957298
        3310000      1.0000000     -1.9971498    0.023439237     0.99927334   0.0015717661     0.99927334         960128
        3320000      1.0000000     -1.9971498    0.023438487     0.99927333   0.0015716382     0.99927333         962995
        3330000      1.0000000     -1.9971499    0.023435124     0.99927336   0.0015713402     0.99927336         965966
        3340000      1.0000000     -1.9971500    0.023433541     0.99927340   0.0015711954     0.99927340         968788
        3350000      1.0000000     -1.9971502    0.023430912     0.99927344   0.0015710282     0.99927344         971638
        3360000      1.0000000     -1.9971506    0.023428229     0.99927356   0.0015708304     0.99927356         974508
        3370000      1.0000000     -1.9971510    0.023424817     0.99927366   0.0015705640     0.99927366         977392
        3380000      1.0000000     -1.9971508    0.023425402     0.99927362   0.0015705970     0.99927362         980332
        3390000      1.0000000     -1.9971511    0.023421877     0.99927367   0.0015704231     0.99927367         983192
        3400000      1.0000000     -1.9971509    0.023424672     0.99927361   0.0015706243     0.99927361         986182
        3410000      1.0000000     -1.9971510    0.023424113     0.99927365   0.0015705391     0.99927365         989117
        3420000      1.0000000     -1.9971510    0.023423714     0.99927365   0.0015705092     0.99927365         991978
        3430000      1.0000000     -1.9971518    0.023417762     0.99927384   0.0015700790     0.99927384         994814
        3440000      1.0000000     -1.9971518    0.023416084     0.99927386   0.0015700013     0.99927386         997656
        3450000      1.0000000     -1.9971513    0.023420415     0.99927372   0.0015702642     0.99927372        1000708
        3460000      1.0000000     -1.9971511    0.023422316     0.99927365   0.0015704747     0.99927365        1003622
        3470000      1.0000000     -1.9971513    0.023420205     0.99927371   0.0015704892     0.99927371        1006500
        3480000      1.0000000     -1.9971511    0.023422021     0.99927365   0.0015705640     0.99927365        1009472
        3490000      1.0000000     -1.9971510    0.023423610     0.99927362   0.0015706461     0.99927362        1012272
        3500000      1.0000000     -1.9971513    0.023421258     0.99927370   0.0015704696     0.99927370        1014978
        3510000      1.0000000     -1.9971513    0.023421027     0.99927372   0.0015704205     0.99927372        1017818
        3520000      1.0000000     -1.9971511    0.023425260     0.99927366   0.0015706611     0.99927366        1020758
        3530000      1.0000000     -1.9971509    0.023428209     0.99927362   0.0015708091     0.99927362        1023598
        3540000      1.0000000     -1.9971510    0.023426993     0.99927365   0.0015706477     0.99927365        1026426
        3550000      1.0000000     -1.9971510    0.023427927     0.99927366   0.0015706955     0.99927366        1029310
        3560000      1.0000000     -1.9971509    0.023429154     0.99927363   0.0015707166     0.99927363        1032230
        3570000      1.0000000     -1.9971509    0.023426903     0.99927364   0.0015705827     0.99927364        1035120
        3580000      1.0000000     -1.9971506    0.023428463     0.99927356   0.0015706782     0.99927356        1037994
        3590000      1.0000000     -1.9971510    0.023425958     0.99927365   0.0015705049     0.99927365        1040854
        3600000      1.0000000     -1.9971510    0.023426172     0.99927364   0.0015706154     0.99927364        1043722
        3610000      1.0000000     -1.9971510    0.023424450     0.99927365   0.0015704959     0.99927365        1046628
        3620000      1.0000000     -1.9971519    0.023418061     0.99927386   0.0015701131     0.99927386        1049342
        3630000      1.0000000     -1.9971514    0.023422979     0.99927373   0.0015705189     0.99927373        1052284
        3640000      1.0000000     -1.9971519    0.023418237     0.99927387   0.0015701276     0.99927387        1055090
        3650000      1.0000000     -1.9971521    0.023414958     0.99927392   0.0015699341     0.99927392        1057940
        3660000      1.0000000     -1.9971522    0.023415087     0.99927394   0.0015700695     0.99927394        1060960
        3670000      1.0000000     -1.9971528    0.023409689     0.99927409   0.0015696212     0.99927409        1063822
        3680000      1.0000000     -1.9971530    0.023409577     0.99927415   0.0015696081     0.99927415        1066590
        3690000      1.0000000     -1.9971528    0.023410964     0.99927410   0.0015696378     0.99927410        1069456
        3700000      1.0000000     -1.9971529    0.023410519     0.99927411   0.0015696753     0.99927411        1072268
        3710000      1.0000000     -1.9971535    0.023406900     0.99927427   0.0015693531     0.99927427        1075082
        3720000      1.0000000     -1.9971538    0.023403140     0.99927435   0.0015691053     0.99927435        1077850
        3730000      1.0000000     -1.9971542    0.023399834     0.99927446   0.0015689046     0.99927446        1080700
        3740000      1.0000000     -1.9971545    0.023397385     0.99927454   0.0015687254     0.99927454        1083500
        3750000      1.0000000     -1.9971539    0.023401559     0.99927439   0.0015690776     0.99927439        1086576
        3760000      1.0000000     -1.9971541    0.023401848     0.99927442   0.0015691191     0.99927442        1089434
        3770000      1.0000000     -1.9971539    0.023404392     0.99927437   0.0015692314     0.99927437        1092346
        3780000      1.0000000     -1.9971539    0.023402966     0.99927438   0.0015691315     0.99927438        1095248
        3790000      1.0000000     -1.9971541    0.023400991     0.99927445   0.0015689536     0.99927445        1098100
        3800000      1.0000000     -1.9971540    0.023401871     0.99927442   0.0015689900     0.99927442        1101019
        3810000      1.0000000     -1.9971535    0.023405741     0.99927429   0.0015692267     0.99927429        1104077
        3820000      1.0000000     -1.9971532    0.023405333     0.99927421   0.0015692419     0.99927421        1107002
        3830000      1.0000000     -1.9971532    0.023404850     0.99927421   0.0015691287     0.99927421        1109928
        3840000      1.0000000     -1.9971533    0.023402754     0.99927425   0.0015689278     0.99927425        1112756
        3850000      1.0000000     -1.9971532    0.023403311     0.99927424   0.0015688961     0.99927424        1115600
        3860000      1.0000000     -1.9971533    0.023402356     0.99927426   0.0015688504     0.99927426        1118493
        3870000      1.0000000     -1.9971531    0.023403018     0.99927422   0.0015688287     0.99927422        1121478
        3880000      1.0000000     -1.9971531    0.023403975     0.99927422   0.0015689120     0.99927422        1124410
        3890000      1.0000000     -1.9971532    0.023404000     0.99927424   0.0015688648     0.99927424        1127216
        3900000      1.0000000     -1.9971532    0.023403232     0.99927424   0.0015687949     0.99927424        1130174
        3910000      1.0000000     -1.9971530    0.023404523     0.99927419   0.0015688297     0.99927419        1133080
        3920000      1.0000000     -1.9971532    0.023403155     0.99927426   0.0015686352     0.99927426        1135814
        3930000      1.0000000     -1.9971533    0.023404807     0.99927428   0.0015687676     0.99927428        1138666
        3940000      1.0000000     -1.9971531    0.023406833     0.99927422   0.0015689476     0.99927422        1141520
        3950000      1.0000000     -1.9971527    0.023410405     0.99927411   0.0015691417     0.99927411        1144478
        3960000      1.0000000     -1.9971524    0.023413401     0.99927405   0.0015693201     0.99927405        1147410
        3970000      1.0000000     -1.9971524    0.023414427     0.99927405   0.0015693672     0.99927405        1150146
        3980000      1.0000000     -1.9971520    0.023418434     0.99927395   0.0015695442     0.99927395        1153226
        3990000      1.0000000     -1.9971519    0.023418747     0.99927392   0.0015696275     0.99927392        1156142
        4000000      1.0000000     -1.9971520    0.023418479     0.99927394   0.0015695833     0.99927394        1159089
