          10000      1.0000000     -1.9892200     0.87157264     0.97298850      9.4104425     0.97396950           9268
          20000      1.0000000     -1.9931880     0.45389066     0.98613250      4.7751100     0.98662300          12298
          30000      1.0000000     -1.9945197     0.31172905     0.99051583      3.1992952     0.99084283          15256
          40000      1.0000000     -1.9952105     0.23996428     0.99271363      2.4056442     0.99295888          18039
          50000      1.0000000     -1.9956066     0.19680961     0.99402850      1.9275815     0.99422470          20915
          60000      1.0000000     -1.9958898     0.16799928     0.99490925      1.6081269     0.99507275          23608
          70000      1.0000000     -1.9960927     0.14729496     0.99553886      1.3795570     0.99567900          26460
          80000      1.0000000     -1.9962571     0.13169585     0.99601413      1.2079264     0.99613675          29258
          90000      1.0000000     -1.9963631     0.11970122     0.99637761      1.0743132     0.99648661          32094
         100000      1.0000000     -1.9964292     0.11019735     0.99666390     0.96734157     0.99676200          35064
         110000      1.0000000     -1.9964902     0.10242156     0.99689995     0.87977398     0.99698914          37944
         120000      1.0000000     -1.9965649    0.095685081     0.99710296     0.80675828     0.99718471          40666
         130000      1.0000000     -1.9966002    0.090173957     0.99726731     0.74495403     0.99734277          43673
         140000      1.0000000     -1.9966447    0.085337966     0.99741204     0.69195819     0.99748211          46482
         150000      1.0000000     -1.9966747    0.081268507     0.99753493     0.64602378     0.99760033          49398
         160000      1.0000000     -1.9967200    0.077553140     0.99764763     0.60581391     0.99770894          52176
         170000      1.0000000     -1.9967549    0.074312543     0.99774559     0.57032858     0.99780329          54970
         180000      1.0000000     -1.9967736    0.071530245     0.99782925     0.53878530     0.99788375          57874
         190000      1.0000000     -1.9967835    0.069083478     0.99790258     0.51055654     0.99795421          60850
         200000      1.0000000     -1.9967947    0.066859221     0.99796933     0.48514479     0.99801838          63792
         210000      1.0000000     -1.9968109    0.064795747     0.99803131     0.46214747     0.99807802          66610
         220000      1.0000000     -1.9968325    0.062861802     0.99808932     0.44123790     0.99813391          69434
         230000      1.0000000     -1.9968487    0.061134431     0.99814137     0.42214485     0.99818402          72298
         240000      1.0000000     -1.9968637    0.059538365     0.99818910     0.40464047     0.99822998          75168
         250000      1.0000000     -1.9968699    0.058135820     0.99823104     0.38853791     0.99827028          78172
         260000      1.0000000     -1.9968838    0.056788565     0.99827188     0.37367045     0.99830962          81016
         270000      1.0000000     -1.9968914    0.055607013     0.99830837     0.35990661     0.99834470          83870
         280000      1.0000000     -1.9969044    0.054401887     0.99834395     0.34711767     0.99837898          86752
         290000      1.0000000     -1.9969134    0.053312590     0.99837619     0.33521209     0.99841002          89600
         300000      1.0000000     -1.9969216    0.052332099     0.99840622     0.32410171     0.99843892          92472
         310000      1.0000000     -1.9969305    0.051391000     0.99843458     0.31370643     0.99846623          95252
         320000      1.0000000     -1.9969335    0.050564833     0.99845967     0.30396411     0.99849033          98236
         330000      1.0000000     -1.9969396    0.049738276     0.99848426     0.29480831     0.99851398         101094
         340000      1.0000000     -1.9969487    0.048942619     0.99850828     0.28618917     0.99853713         103979
         350000      1.0000000     -1.9969508    0.048255307     0.99852913     0.27806636     0.99855716         106968
         360000      1.0000000     -1.9969563    0.047559234     0.99854978     0.27039158     0.99857703         109891
         370000      1.0000000     -1.9969622    0.046889895     0.99856947     0.26313114     0.99859599         112818
         380000      1.0000000     -1.9969691    0.046250271     0.99858855     0.25625123     0.99861437         115650
         390000      1.0000000     -1.9969710    0.045662639     0.99860533     0.24972576     0.99863049         118618
         400000      1.0000000     -1.9969770    0.045083828     0.99862240     0.24352474     0.99864693         121442
         410000      1.0000000     -1.9969797    0.044576537     0.99863789     0.23762852     0.99866182         124386
         420000      1.0000000     -1.9969809    0.044087549     0.99865231     0.23201225     0.99867567         127278
         430000      1.0000000     -1.9969883    0.043585657     0.99866756     0.22665635     0.99869037         130256
         440000      1.0000000     -1.9969924    0.043132013     0.99868145     0.22154403     0.99870375         133123
         450000      1.0000000     -1.9969955    0.042701361     0.99869453     0.21665910     0.99871633         136056
         460000      1.0000000     -1.9969966    0.042302848     0.99870658     0.21198667     0.99872790         138880
         470000      1.0000000     -1.9969969    0.041929119     0.99871781     0.20751435     0.99873868         141761
         480000      1.0000000     -1.9970007    0.041529100     0.99872960     0.20322498     0.99875004         144605
         490000      1.0000000     -1.9970020    0.041178415     0.99874026     0.19911295     0.99876028         147620
         500000      1.0000000     -1.9970074    0.040814410     0.99875165     0.19516315     0.99877127         150450
         510000      1.0000000     -1.9970108    0.040460878     0.99876211     0.19136801     0.99878134         153393
         520000      1.0000000     -1.9970136    0.040140788     0.99877199     0.18772039     0.99879086         156336
         530000      1.0000000     -1.9970173    0.039814009     0.99878170     0.18420958     0.99880021         159196
         540000      1.0000000     -1.9970218    0.039497024     0.99879134     0.18082816     0.99880951         162024
         550000      1.0000000     -1.9970249    0.039198093     0.99880017     0.17757167     0.99881801         164844
         560000      1.0000000     -1.9970225    0.038955826     0.99880741     0.17443274     0.99882493         167877
         570000      1.0000000     -1.9970220    0.038714670     0.99881482     0.17140432     0.99883204         170896
         580000      1.0000000     -1.9970226    0.038461699     0.99882236     0.16847778     0.99883928         173838
         590000      1.0000000     -1.9970231    0.038224275     0.99882949     0.16565207     0.99884612         176822
         600000      1.0000000     -1.9970238    0.037987693     0.99883652     0.16291926     0.99885287         179772
         610000      1.0000000     -1.9970269    0.037750399     0.99884383     0.16027650     0.99885991         182686
         620000      1.0000000     -1.9970299    0.037497553     0.99885100     0.15771663     0.99886682         185568
         630000      1.0000000     -1.9970322    0.037271813     0.99885785     0.15523878     0.99887342         188410
         640000      1.0000000     -1.9970350    0.037053334     0.99886459     0.15283868     0.99887992         191186
         650000      1.0000000     -1.9970368    0.036840936     0.99887084     0.15051263     0.99888593         194164
         660000      1.0000000     -1.9970407    0.036617762     0.99887744     0.14825609     0.99889230         196962
         670000      1.0000000     -1.9970414    0.036429118     0.99888305     0.14606848     0.99889769         199823
         680000      1.0000000     -1.9970417    0.036248647     0.99888842     0.14394527     0.99890285         202802
         690000      1.0000000     -1.9970451    0.036050758     0.99889437     0.14188293     0.99890859         205660
         700000      1.0000000     -1.9970467    0.035868223     0.99889980     0.13987931     0.99891381         208442
         710000      1.0000000     -1.9970488    0.035698202     0.99890515     0.13793309     0.99891897         211316
         720000      1.0000000     -1.9970526    0.035511715     0.99891088     0.13603901     0.99892451         214196
         730000      1.0000000     -1.9970523    0.035360442     0.99891543     0.13419837     0.99892887         217130
         740000      1.0000000     -1.9970534    0.035217735     0.99892019     0.13240852     0.99893345         220032
         750000      1.0000000     -1.9970528    0.035074703     0.99892441     0.13066557     0.99893749         223033
         760000      1.0000000     -1.9970548    0.034920124     0.99892918     0.12896777     0.99894209         225971
         770000      1.0000000     -1.9970553    0.034773199     0.99893345     0.12731385     0.99894619         228862
         780000      1.0000000     -1.9970562    0.034631249     0.99893769     0.12570294     0.99895026         231892
         790000      1.0000000     -1.9970572    0.034492382     0.99894186     0.12413254     0.99895428         234874
         800000      1.0000000     -1.9970583    0.034355540     0.99894598     0.12260129     0.99895824         237754
         810000      1.0000000     -1.9970596    0.034215766     0.99895003     0.12110733     0.99896214         240630
         820000      1.0000000     -1.9970588    0.034097525     0.99895350     0.11965086     0.99896546         243682
         830000      1.0000000     -1.9970614    0.033964100     0.99895771     0.11822897     0.99896953         246616
         840000      1.0000000     -1.9970630    0.033834279     0.99896160     0.11684030     0.99897328         249402
         850000      1.0000000     -1.9970654    0.033709425     0.99896561     0.11548454     0.99897715         252217
         860000      1.0000000     -1.9970666    0.033591453     0.99896922     0.11416074     0.99898063         255082
         870000      1.0000000     -1.9970686    0.033463334     0.99897297     0.11286621     0.99898425         257952
         880000      1.0000000     -1.9970682    0.033362451     0.99897607     0.11160251     0.99898722         260834
         890000      1.0000000     -1.9970687    0.033251756     0.99897932     0.11036671     0.99899034         263812
         900000      1.0000000     -1.9970720    0.033128449     0.99898321     0.10915732     0.99899411         266629
         910000      1.0000000     -1.9970707    0.033040583     0.99898585     0.10797652     0.99899663         269592
         920000      1.0000000     -1.9970727    0.032927396     0.99898926     0.10681984     0.99899992         272482
         930000      1.0000000     -1.9970735    0.032819428     0.99899232     0.10568799     0.99900287         275363
         940000      1.0000000     -1.9970765    0.032696380     0.99899589     0.10457911     0.99900633         278148
         950000      1.0000000     -1.9970777    0.032596761     0.99899889     0.10349505     0.99900922         281014
         960000      1.0000000     -1.9970781    0.032500041     0.99900169     0.10243347     0.99901191         283896
         970000      1.0000000     -1.9970779    0.032413608     0.99900425     0.10139421     0.99901437         286814
         980000      1.0000000     -1.9970796    0.032312554     0.99900719     0.10037570     0.99901720         289774
         990000      1.0000000     -1.9970790    0.032233057     0.99900951    0.099379063     0.99901941         292772
        1000000      1.0000000     -1.9970791    0.032148601     0.99901201    0.098401190     0.99902182         295762
        1010000      1.0000000     -1.9970783    0.032075771     0.99901419    0.097443779     0.99902391         298772
        1020000      1.0000000     -1.9970792    0.031989363     0.99901678    0.096503981     0.99902640         301628
        1030000      1.0000000     -1.9970784    0.031917415     0.99901889    0.095583282     0.99902842         304572
        1040000      1.0000000     -1.9970792    0.031839136     0.99902132    0.094680180     0.99903075         307438
        1050000      1.0000000     -1.9970795    0.031759864     0.99902360    0.093793838     0.99903294         310372
        1060000      1.0000000     -1.9970818    0.031675720     0.99902639    0.092923661     0.99903564         313206
        1070000      1.0000000     -1.9970823    0.031601703     0.99902864    0.092070276     0.99903781         316090
        1080000      1.0000000     -1.9970842    0.031511077     0.99903125    0.091231467     0.99904033         318904
        1090000      1.0000000     -1.9970835    0.031450775     0.99903315    0.090409894     0.99904215         321894
        1100000      1.0000000     -1.9970827    0.031391026     0.99903494    0.089603528     0.99904386         324946
        1110000      1.0000000     -1.9970830    0.031326543     0.99903697    0.088811361     0.99904581         327976
        1120000      1.0000000     -1.9970847    0.031252289     0.99903934    0.088032561     0.99904810         330754
        1130000      1.0000000     -1.9970842    0.031187745     0.99904115    0.087267813     0.99904984         333760
        1140000      1.0000000     -1.9970871    0.031112500     0.99904378    0.086515895     0.99905238         336490
        1150000      1.0000000     -1.9970877    0.031048196     0.99904576    0.085777629     0.99905429         339404
        1160000      1.0000000     -1.9970872    0.030991568     0.99904748    0.085052245     0.99905594         342478
        1170000      1.0000000     -1.9970892    0.030914986     0.99904979    0.084338075     0.99905818         345298
        1180000      1.0000000     -1.9970904    0.030846074     0.99905189    0.083636305     0.99906020         348166
        1190000      1.0000000     -1.9970919    0.030776306     0.99905400    0.082946348     0.99906225         351084
        1200000      1.0000000     -1.9970921    0.030718194     0.99905578    0.082268409     0.99906395         353950
        1210000      1.0000000     -1.9970932    0.030651483     0.99905773    0.081601257     0.99906584         356822
        1220000      1.0000000     -1.9970949    0.030585418     0.99905982    0.080945097     0.99906786         359748
        1230000      1.0000000     -1.9970967    0.030514790     0.99906189    0.080299148     0.99906986         362592
        1240000      1.0000000     -1.9970972    0.030454386     0.99906365    0.079663920     0.99907156         365392
        1250000      1.0000000     -1.9970972    0.030402671     0.99906523    0.079039449     0.99907308         368200
        1260000      1.0000000     -1.9970968    0.030356991     0.99906662    0.078425742     0.99907440         371164
        1270000      1.0000000     -1.9970980    0.030295484     0.99906841    0.077820939     0.99907613         373982
        1280000      1.0000000     -1.9970979    0.030244719     0.99906987    0.077225541     0.99907754         376888
        1290000      1.0000000     -1.9970971    0.030200759     0.99907114    0.076639735     0.99907875         379956
        1300000      1.0000000     -1.9970972    0.030159263     0.99907262    0.076063143     0.99908017         382832
        1310000      1.0000000     -1.9970976    0.030113384     0.99907418    0.075494707     0.99908167         385750
        1320000      1.0000000     -1.9970974    0.030074146     0.99907554    0.074935527     0.99908297         388702
        1330000      1.0000000     -1.9970966    0.030038710     0.99907671    0.074385082     0.99908409         391686
        1340000      1.0000000     -1.9970971    0.029991799     0.99907819    0.073842050     0.99908551         394622
        1350000      1.0000000     -1.9970985    0.029935143     0.99907989    0.073306302     0.99908716         397444
        1360000      1.0000000     -1.9970980    0.029892826     0.99908109    0.072779388     0.99908830         400421
        1370000      1.0000000     -1.9970992    0.029843769     0.99908270    0.072259663     0.99908986         403314
        1380000      1.0000000     -1.9970985    0.029814287     0.99908382    0.071748404     0.99909093         406263
        1390000      1.0000000     -1.9970988    0.029774466     0.99908516    0.071244085     0.99909222         409138
        1400000      1.0000000     -1.9971006    0.029716880     0.99908689    0.070745527     0.99909390         411966
        1410000      1.0000000     -1.9971007    0.029670744     0.99908817    0.070254817     0.99909513         414892
        1420000      1.0000000     -1.9971022    0.029618919     0.99908976    0.069770684     0.99909667         417750
        1430000      1.0000000     -1.9971013    0.029586220     0.99909073    0.069294492     0.99909759         420806
        1440000      1.0000000     -1.9971026    0.029540704     0.99909226    0.068823957     0.99909907         423723
        1450000      1.0000000     -1.9971030    0.029497982     0.99909351    0.068360327     0.99910028         426668
        1460000      1.0000000     -1.9971043    0.029450070     0.99909499    0.067902636     0.99910171         429426
        1470000      1.0000000     -1.9971042    0.029414889     0.99909609    0.067451922     0.99910277         432200
        1480000      1.0000000     -1.9971051    0.029369465     0.99909743    0.067006568     0.99910406         435191
        1490000      1.0000000     -1.9971062    0.029323352     0.99909879    0.066567358     0.99910538         438114
        1500000      1.0000000     -1.9971086    0.029266932     0.99910052    0.066132881     0.99910706         440910
        1510000      1.0000000     -1.9971087    0.029232504     0.99910162    0.065705816     0.99910812         443786
        1520000      1.0000000     -1.9971103    0.029185217     0.99910309    0.065283371     0.99910954         446570
        1530000      1.0000000     -1.9971096    0.029153563     0.99910396    0.064867325     0.99911038         449496
        1540000      1.0000000     -1.9971085    0.029125464     0.99910471    0.064456935     0.99911108         452475
        1550000      1.0000000     -1.9971084    0.029090472     0.99910572    0.064051350     0.99911205         455378
        1560000      1.0000000     -1.9971082    0.029060723     0.99910667    0.063651295     0.99911296         458262
        1570000      1.0000000     -1.9971079    0.029026008     0.99910759    0.063255987     0.99911383         461186
        1580000      1.0000000     -1.9971080    0.028993181     0.99910856    0.062865955     0.99911477         464136
        1590000      1.0000000     -1.9971080    0.028965878     0.99910953    0.062481068     0.99911570         467020
        1600000      1.0000000     -1.9971078    0.028936901     0.99911046    0.062100672     0.99911659         470057
        1610000      1.0000000     -1.9971084    0.028904390     0.99911153    0.061725022     0.99911763         472896
        1620000      1.0000000     -1.9971094    0.028865512     0.99911275    0.061353323     0.99911880         475790
        1630000      1.0000000     -1.9971092    0.028836583     0.99911361    0.060986934     0.99911963         478906
        1640000      1.0000000     -1.9971102    0.028798464     0.99911477    0.060624245     0.99912076         481716
        1650000      1.0000000     -1.9971113    0.028758415     0.99911599    0.060265858     0.99912193         484590
        1660000      1.0000000     -1.9971125    0.028715549     0.99911715    0.059911649     0.99912306         487404
        1670000      1.0000000     -1.9971115    0.028689134     0.99911780    0.059562531     0.99912367         490406
        1680000      1.0000000     -1.9971119    0.028657725     0.99911876    0.059217503     0.99912460         493288
        1690000      1.0000000     -1.9971107    0.028640987     0.99911931    0.058877307     0.99912512         496238
        1700000      1.0000000     -1.9971108    0.028612836     0.99912018    0.058540545     0.99912595         499179
        1710000      1.0000000     -1.9971121    0.028573169     0.99912136    0.058206719     0.99912710         502056
        1720000      1.0000000     -1.9971125    0.028545060     0.99912227    0.057877718     0.99912797         504823
        1730000      1.0000000     -1.9971130    0.028512183     0.99912323    0.057551956     0.99912890         507720
        1740000      1.0000000     -1.9971129    0.028485082     0.99912402    0.057230338     0.99912966         510618
        1750000      1.0000000     -1.9971121    0.028464496     0.99912461    0.056912880     0.99913021         513720
        1760000      1.0000000     -1.9971114    0.028447776     0.99912516    0.056599615     0.99913073         516648
        1770000      1.0000000     -1.9971103    0.028432281     0.99912568    0.056289385     0.99913122         519730
        1780000      1.0000000     -1.9971110    0.028398446     0.99912663    0.055981605     0.99913214         522658
        1790000      1.0000000     -1.9971102    0.028378593     0.99912719    0.055678171     0.99913267         525710
        1800000      1.0000000     -1.9971096    0.028361290     0.99912782    0.055378230     0.99913327         528708
        1810000      1.0000000     -1.9971088    0.028346257     0.99912835    0.055081872     0.99913377         531662
        1820000      1.0000000     -1.9971086    0.028324869     0.99912905    0.054788175     0.99913445         534570
        1830000      1.0000000     -1.9971075    0.028311297     0.99912948    0.054498336     0.99913484         537586
        1840000      1.0000000     -1.9971064    0.028293068     0.99912995    0.054211184     0.99913528         540522
        1850000      1.0000000     -1.9971065    0.028268807     0.99913067    0.053926787     0.99913597         543346
        1860000      1.0000000     -1.9971068    0.028244207     0.99913144    0.053645500     0.99913672         546296
        1870000      1.0000000     -1.9971069    0.028218105     0.99913216    0.053367187     0.99913740         549186
        1880000      1.0000000     -1.9971074    0.028192538     0.99913296    0.053091834     0.99913818         552110
        1890000      1.0000000     -1.9971068    0.028178999     0.99913346    0.052820437     0.99913865         555188
        1900000      1.0000000     -1.9971071    0.028156805     0.99913419    0.052551016     0.99913936         558090
        1910000      1.0000000     -1.9971079    0.028127108     0.99913507    0.052283853     0.99914021         560868
        1920000      1.0000000     -1.9971068    0.028114258     0.99913544    0.052020624     0.99914055         563993
        1930000      1.0000000     -1.9971061    0.028096760     0.99913590    0.051759952     0.99914099         566928
        1940000      1.0000000     -1.9971059    0.028075017     0.99913652    0.051501332     0.99914157         569886
        1950000      1.0000000     -1.9971056    0.028057442     0.99913707    0.051245694     0.99914210         572820
        1960000      1.0000000     -1.9971058    0.028031218     0.99913778    0.050992016     0.99914279         575702
        1970000      1.0000000     -1.9971062    0.028007958     0.99913851    0.050741132     0.99914349         578587
        1980000      1.0000000     -1.9971063    0.027987647     0.99913917    0.050493118     0.99914412         581514
        1990000      1.0000000     -1.9971069    0.027960360     0.99913994    0.050246859     0.99914487         584379
        2000000      1.0000000     -1.9971065    0.027941558     0.99914045    0.050003856     0.99914536         587340
        2010000      1.0000000     -1.9971068    0.027918683     0.99914113    0.049762910     0.99914601         590379
        2020000      1.0000000     -1.9971069    0.027897757     0.99914175    0.049524411     0.99914661         593320
        2030000      1.0000000     -1.9971079    0.027865658     0.99914261    0.049287444     0.99914744         596112
        2040000      1.0000000     -1.9971081    0.027842307     0.99914325    0.049053470     0.99914806         598912
        2050000      1.0000000     -1.9971086    0.027817168     0.99914397    0.048821575     0.99914876         601694
        2060000      1.0000000     -1.9971077    0.027803465     0.99914435    0.048592549     0.99914911         604735
        2070000      1.0000000     -1.9971086    0.027774810     0.99914514    0.048364855     0.99914988         607642
        2080000      1.0000000     -1.9971086    0.027755590     0.99914572    0.048139929     0.99915044         610691
        2090000      1.0000000     -1.9971089    0.027736642     0.99914634    0.047917274     0.99915104         613616
        2100000      1.0000000     -1.9971091    0.027714598     0.99914697    0.047696585     0.99915164         616468
        2110000      1.0000000     -1.9971097    0.027691037     0.99914765    0.047477832     0.99915230         619320
        2120000      1.0000000     -1.9971088    0.027683192     0.99914793    0.047262534     0.99915256         622336
        2130000      1.0000000     -1.9971092    0.027664118     0.99914859    0.047048048     0.99915319         625272
        2140000      1.0000000     -1.9971098    0.027641221     0.99914928    0.046835221     0.99915386         628158
        2150000      1.0000000     -1.9971099    0.027626461     0.99914982    0.046625280     0.99915438         631040
        2160000      1.0000000     -1.9971100    0.027606402     0.99915038    0.046416588     0.99915492         633920
        2170000      1.0000000     -1.9971096    0.027594378     0.99915078    0.046210537     0.99915530         636906
        2180000      1.0000000     -1.9971096    0.027574771     0.99915129    0.046005827     0.99915579         639778
        2190000      1.0000000     -1.9971091    0.027562556     0.99915166    0.045803408     0.99915614         642742
        2200000      1.0000000     -1.9971094    0.027541401     0.99915227    0.045602125     0.99915672         645562
        2210000      1.0000000     -1.9971092    0.027525205     0.99915273    0.045403009     0.99915717         648448
        2220000      1.0000000     -1.9971102    0.027500035     0.99915347    0.045205168     0.99915789         651314
        2230000      1.0000000     -1.9971105    0.027485601     0.99915401    0.045009899     0.99915841         654228
        2240000      1.0000000     -1.9971112    0.027460693     0.99915469    0.044815420     0.99915907         657014
        2250000      1.0000000     -1.9971118    0.027442551     0.99915534    0.044623187     0.99915970         659834
        2260000      1.0000000     -1.9971127    0.027415762     0.99915604    0.044432213     0.99916038         662750
        2270000      1.0000000     -1.9971130    0.027402452     0.99915656    0.044243963     0.99916088         665750
        2280000      1.0000000     -1.9971136    0.027379494     0.99915720    0.044056461     0.99916151         668510
        2290000      1.0000000     -1.9971135    0.027363633     0.99915762    0.043871043     0.99916191         671382
        2300000      1.0000000     -1.9971135    0.027346539     0.99915811    0.043687099     0.99916237         674362
        2310000      1.0000000     -1.9971148    0.027320885     0.99915890    0.043504140     0.99916315         677194
        2320000      1.0000000     -1.9971153    0.027302869     0.99915948    0.043323329     0.99916371         680052
        2330000      1.0000000     -1.9971147    0.027295074     0.99915980    0.043144649     0.99916401         682978
        2340000      1.0000000     -1.9971151    0.027277050     0.99916034    0.042967018     0.99916453         685820
        2350000      1.0000000     -1.9971152    0.027263502     0.99916080    0.042790998     0.99916497         688708
        2360000      1.0000000     -1.9971156    0.027244282     0.99916135    0.042616139     0.99916550         691520
        2370000      1.0000000     -1.9971157    0.027230855     0.99916181    0.042443037     0.99916595         694460
        2380000      1.0000000     -1.9971162    0.027212463     0.99916240    0.042271163     0.99916652         697244
        2390000      1.0000000     -1.9971170    0.027193437     0.99916300    0.042100765     0.99916711         700098
        2400000      1.0000000     -1.9971173    0.027175311     0.99916351    0.041931740     0.99916760         703052
        2410000      1.0000000     -1.9971167    0.027169915     0.99916377    0.041765276     0.99916784         706134
        2420000      1.0000000     -1.9971177    0.027148499     0.99916442    0.041598867     0.99916847         709046
        2430000      1.0000000     -1.9971178    0.027135407     0.99916486    0.041434336     0.99916890         711880
        2440000      1.0000000     -1.9971174    0.027125696     0.99916518    0.041271307     0.99916920         714792
        2450000      1.0000000     -1.9971176    0.027111018     0.99916565    0.041109252     0.99916965         717738
        2460000      1.0000000     -1.9971176    0.027099628     0.99916605    0.040948799     0.99917004         720622
        2470000      1.0000000     -1.9971172    0.027089706     0.99916634    0.040789643     0.99917031         723634
        2480000      1.0000000     -1.9971171    0.027074156     0.99916671    0.040631496     0.99917067         726541
        2490000      1.0000000     -1.9971165    0.027063706     0.99916696    0.040474937     0.99917090         729608
        2500000      1.0000000     -1.9971158    0.027054909     0.99916716    0.040319780     0.99917108         732656
        2510000      1.0000000     -1.9971155    0.027044618     0.99916747    0.040165847     0.99917138         735746
        2520000      1.0000000     -1.9971150    0.027035245     0.99916772    0.040012997     0.99917162         738782
        2530000      1.0000000     -1.9971155    0.027017800     0.99916825    0.039860855     0.99917212         741626
        2540000      1.0000000     -1.9971161    0.026999676     0.99916876    0.039709808     0.99917263         744536
        2550000      1.0000000     -1.9971164    0.026982416     0.99916923    0.039560044     0.99917308         747316
        2560000      1.0000000     -1.9971164    0.026967446     0.99916960    0.039411647     0.99917343         750270
        2570000      1.0000000     -1.9971161    0.026957053     0.99916990    0.039264570     0.99917371         753172
        2580000      1.0000000     -1.9971165    0.026940290     0.99917037    0.039118193     0.99917417         756104
        2590000      1.0000000     -1.9971173    0.026922872     0.99917093    0.038973163     0.99917471         758982
        2600000      1.0000000     -1.9971177    0.026906622     0.99917138    0.038829125     0.99917515         761922
        2610000      1.0000000     -1.9971181    0.026895093     0.99917185    0.038686505     0.99917561         764807
        2620000      1.0000000     -1.9971183    0.026882259     0.99917226    0.038544976     0.99917600         767634
        2630000      1.0000000     -1.9971186    0.026869241     0.99917270    0.038404384     0.99917643         770514
        2640000      1.0000000     -1.9971185    0.026859834     0.99917300    0.038265141     0.99917672         773514
        2650000      1.0000000     -1.9971174    0.026855683     0.99917305    0.038127422     0.99917675         776566
        2660000      1.0000000     -1.9971170    0.026844950     0.99917327    0.037990279     0.99917696         779462
        2670000      1.0000000     -1.9971179    0.026825711     0.99917385    0.037853540     0.99917753         782207
        2680000      1.0000000     -1.9971187    0.026808168     0.99917438    0.037717876     0.99917804         785132
        2690000      1.0000000     -1.9971185    0.026798552     0.99917467    0.037583812     0.99917832         788056
        2700000      1.0000000     -1.9971185    0.026787193     0.99917499    0.037450511     0.99917862         790971
        2710000      1.0000000     -1.9971190    0.026773036     0.99917545    0.037318096     0.99917907         793844
        2720000      1.0000000     -1.9971196    0.026756157     0.99917593    0.037186371     0.99917954         796630
        2730000      1.0000000     -1.9971197    0.026744323     0.99917627    0.037056102     0.99917987         799522
        2740000      1.0000000     -1.9971201    0.026727766     0.99917672    0.036926175     0.99918030         802376
        2750000      1.0000000     -1.9971198    0.026720226     0.99917695    0.036798000     0.99918051         805328
        2760000      1.0000000     -1.9971204    0.026703808     0.99917743    0.036670120     0.99918098         808084
        2770000      1.0000000     -1.9971202    0.026696711     0.99917770    0.036543729     0.99918124         811206
        2780000      1.0000000     -1.9971196    0.026689532     0.99917788    0.036418145     0.99918141         814188
        2790000      1.0000000     -1.9971198    0.026677698     0.99917824    0.036293273     0.99918175         817032
        2800000      1.0000000     -1.9971208    0.026658193     0.99917880    0.036168736     0.99918230         819932
        2810000      1.0000000     -1.9971209    0.026644773     0.99917913    0.036045538     0.99918262         822922
        2820000      1.0000000     -1.9971200    0.026641418     0.99917924    0.035923684     0.99918271         825996
        2830000      1.0000000     -1.9971199    0.026633842     0.99917949    0.035802567     0.99918296         829023
        2840000      1.0000000     -1.9971202    0.026617784     0.99917989    0.035681762     0.99918334         831892
        2850000      1.0000000     -1.9971201    0.026608592     0.99918015    0.035562203     0.99918359         834784
        2860000      1.0000000     -1.9971197    0.026601652     0.99918034    0.035443631     0.99918377         837654
        2870000      1.0000000     -1.9971195    0.026593099     0.99918058    0.035325798     0.99918400         840746
        2880000      1.0000000     -1.9971185    0.026590023     0.99918062    0.035209191     0.99918403         843804
        2890000      1.0000000     -1.9971184    0.026578219     0.99918088    0.035092742     0.99918428         846813
        2900000      1.0000000     -1.9971187    0.026565317     0.99918124    0.034977125     0.99918463         849666
        2910000      1.0000000     -1.9971189    0.026551109     0.99918159    0.034862179     0.99918496         852478
        2920000      1.0000000     -1.9971194    0.026536473     0.99918199    0.034747953     0.99918535         855340
        2930000      1.0000000     -1.9971197    0.026523688     0.99918237    0.034634498     0.99918572         858140
        2940000      1.0000000     -1.9971200    0.026512676     0.99918271    0.034522292     0.99918605         861019
        2950000      1.0000000     -1.9971204    0.026498112     0.99918311    0.034410228     0.99918643         863816
        2960000      1.0000000     -1.9971206    0.026488533     0.99918342    0.034299535     0.99918673         866748
        2970000      1.0000000     -1.9971210    0.026475787     0.99918380    0.034189131     0.99918710         869630
        2980000      1.0000000     -1.9971214    0.026462046     0.99918419    0.034079360     0.99918748         872472
        2990000      1.0000000     -1.9971215    0.026451292     0.99918448    0.033970668     0.99918776         875412
        3000000      1.0000000     -1.9971222    0.026435143     0.99918494    0.033862226     0.99918821         878156
        3010000      1.0000000     -1.9971219    0.026432605     0.99918512    0.033755697     0.99918838         881040
        3020000      1.0000000     -1.9971215    0.026426729     0.99918528    0.033649456     0.99918853         884000
        3030000      1.0000000     -1.9971214    0.026420927     0.99918552    0.033543781     0.99918876         886888
        3040000      1.0000000     -1.9971219    0.026409925     0.99918592    0.033438474     0.99918915         889623
        3050000      1.0000000     -1.9971219    0.026401557     0.99918617    0.033334209     0.99918939         892500
        3060000      1.0000000     -1.9971211    0.026399903     0.99918625    0.033230831     0.99918945         895522
        3070000      1.0000000     -1.9971213    0.026391158     0.99918655    0.033127782     0.99918975         898408
        3080000      1.0000000     -1.9971211    0.026382921     0.99918677    0.033025426     0.99918996         901434
        3090000      1.0000000     -1.9971211    0.026374874     0.99918701    0.032923942     0.99919019         904399
        3100000      1.0000000     -1.9971205    0.026373291     0.99918711    0.032823430     0.99919027         907438
        3110000      1.0000000     -1.9971210    0.026361501     0.99918749    0.032722706     0.99919064         910284
        3120000      1.0000000     -1.9971214    0.026351338     0.99918783    0.032622866     0.99919097         913224
        3130000      1.0000000     -1.9971211    0.026345629     0.99918799    0.032524043     0.99919112         916234
        3140000      1.0000000     -1.9971210    0.026337409     0.99918821    0.032425450     0.99919134         919284
        3150000      1.0000000     -1.9971210    0.026334196     0.99918844    0.032328105     0.99919156         922212
        3160000      1.0000000     -1.9971210    0.026324825     0.99918868    0.032230810     0.99919179         925226
        3170000      1.0000000     -1.9971212    0.026313940     0.99918897    0.032134041     0.99919207         928136
        3180000      1.0000000     -1.9971213    0.026301992     0.99918926    0.032037729     0.99919234         931116
        3190000      1.0000000     -1.9971216    0.026291725     0.99918958    0.031942107     0.99919265         934062
        3200000      1.0000000     -1.9971212    0.026285812     0.99918971    0.031847470     0.99919277         937068
        3210000      1.0000000     -1.9971206    0.026279942     0.99918979    0.031753340     0.99919285         940016
        3220000      1.0000000     -1.9971211    0.026267569     0.99919015    0.031659390     0.99919320         942868
        3230000      1.0000000     -1.9971210    0.026260870     0.99919035    0.031566373     0.99919339         945788
        3240000      1.0000000     -1.9971208    0.026253935     0.99919055    0.031473813     0.99919358         948702
        3250000      1.0000000     -1.9971205    0.026248355     0.99919070    0.031382115     0.99919371         951755
        3260000      1.0000000     -1.9971204    0.026240279     0.99919089    0.031290852     0.99919390         954694
        3270000      1.0000000     -1.9971205    0.026230011     0.99919113    0.031199891     0.99919413         957546
        3280000      1.0000000     -1.9971207    0.026219711     0.99919142    0.031109456     0.99919441         960403
        3290000      1.0000000     -1.9971209    0.026211233     0.99919171    0.031019614     0.99919469         963313
        3300000      1.0000000     -1.9971211    0.026201535     0.99919198    0.030930322     0.99919495         966148
        3310000      1.0000000     -1.9971210    0.026193358     0.99919215    0.030841746     0.99919511         968920
        3320000      1.0000000     -1.9971209    0.026185772     0.99919235    0.030753552     0.99919531         971850
        3330000      1.0000000     -1.9971214    0.026174220     0.99919272    0.030665598     0.99919567         974578
        3340000      1.0000000     -1.9971214    0.026164544     0.99919295    0.030578476     0.99919588         977534
        3350000      1.0000000     -1.9971212    0.026159424     0.99919309    0.030492125     0.99919602         980496
        3360000      1.0000000     -1.9971218    0.026147132     0.99919345    0.030405862     0.99919637         983310
        3370000      1.0000000     -1.9971222    0.026134934     0.99919378    0.030319974     0.99919669         986106
        3380000      1.0000000     -1.9971223    0.026126682     0.99919401    0.030234962     0.99919692         988944
        3390000      1.0000000     -1.9971226    0.026116372     0.99919432    0.030150253     0.99919721         991828
        3400000      1.0000000     -1.9971227    0.026108758     0.99919454    0.030066163     0.99919743         994720
        3410000      1.0000000     -1.9971223    0.026105557     0.99919464    0.029982951     0.99919752         997652
        3420000      1.0000000     -1.9971223    0.026098115     0.99919489    0.029899839     0.99919775        1000508
        3430000      1.0000000     -1.9971230    0.026086373     0.99919526    0.029816980     0.99919812        1003390
        3440000      1.0000000     -1.9971230    0.026079108     0.99919546    0.029734931     0.99919831        1006258
        3450000      1.0000000     -1.9971231    0.026072734     0.99919569    0.029653404     0.99919853        1009100
        3460000      1.0000000     -1.9971234    0.026060848     0.99919600    0.029571819     0.99919883        1011913
        3470000      1.0000000     -1.9971246    0.026045026     0.99919649    0.029490661     0.99919932        1014700
        3480000      1.0000000     -1.9971245    0.026038505     0.99919669    0.029410450     0.99919951        1017538
        3490000      1.0000000     -1.9971238    0.026039719     0.99919670    0.029331211     0.99919951        1020524
        3500000      1.0000000     -1.9971237    0.026033369     0.99919688    0.029252066     0.99919968        1023529
        3510000      1.0000000     -1.9971239    0.026024828     0.99919711    0.029173153     0.99919990        1026366
        3520000      1.0000000     -1.9971236    0.026019843     0.99919723    0.029095014     0.99920002        1029330
        3530000      1.0000000     -1.9971239    0.026012959     0.99919748    0.029017222     0.99920026        1032136
        3540000      1.0000000     -1.9971240    0.026003057     0.99919770    0.028939560     0.99920047        1035188
        3550000      1.0000000     -1.9971238    0.025997387     0.99919786    0.028862568     0.99920063        1038066
        3560000      1.0000000     -1.9971239    0.025990225     0.99919808    0.028785909     0.99920083        1041010
        3570000      1.0000000     -1.9971241    0.025981154     0.99919832    0.028709485     0.99920107        1043834
        3580000      1.0000000     -1.9971245    0.025972362     0.99919861    0.028633660     0.99920135        1046594
        3590000      1.0000000     -1.9971241    0.025967229     0.99919871    0.028558387     0.99920144        1049608
        3600000      1.0000000     -1.9971244    0.025957712     0.99919896    0.028483246     0.99920168        1052482
        3610000      1.0000000     -1.9971241    0.025955340     0.99919907    0.028409092     0.99920178        1055438
        3620000      1.0000000     -1.9971241    0.025948262     0.99919926    0.028335029     0.99920197        1058333
        3630000      1.0000000     -1.9971239    0.025943165     0.99919938    0.028261464     0.99920208        1061276
        3640000      1.0000000     -1.9971240    0.025936359     0.99919958    0.028188242     0.99920227        1064172
        3650000      1.0000000     -1.9971242    0.025926876     0.99919982    0.028115196     0.99920251        1067034
        3660000      1.0000000     -1.9971243    0.025919736     0.99920001    0.028042707     0.99920269        1069862
        3670000      1.0000000     -1.9971247    0.025909926     0.99920030    0.027970315     0.99920297        1072678
        3680000      1.0000000     -1.9971251    0.025900871     0.99920059    0.027898488     0.99920325        1075486
        3690000      1.0000000     -1.9971252    0.025896998     0.99920079    0.027827355     0.99920345        1078480
        3700000      1.0000000     -1.9971250    0.025893891     0.99920091    0.027756651     0.99920356        1081398
        3710000      1.0000000     -1.9971250    0.025890229     0.99920108    0.027686359     0.99920372        1084180
        3720000      1.0000000     -1.9971248    0.025885012     0.99920121    0.027616245     0.99920384        1087156
        3730000      1.0000000     -1.9971249    0.025878633     0.99920141    0.027546425     0.99920404        1090052
        3740000      1.0000000     -1.9971249    0.025872990     0.99920159    0.027477040     0.99920422        1092908
        3750000      1.0000000     -1.9971249    0.025869128     0.99920175    0.027408142     0.99920437        1095894
        3760000      1.0000000     -1.9971252    0.025861297     0.99920200    0.027339413     0.99920461        1098822
        3770000      1.0000000     -1.9971250    0.025857083     0.99920211    0.027271228     0.99920471        1101718
        3780000      1.0000000     -1.9971252    0.025849574     0.99920235    0.027203168     0.99920494        1104648
        3790000      1.0000000     -1.9971252    0.025847012     0.99920250    0.027135933     0.99920509        1107528
        3800000      1.0000000     -1.9971251    0.025841745     0.99920263    0.027068701     0.99920521        1110442
        3810000      1.0000000     -1.9971252    0.025833926     0.99920285    0.027001592     0.99920543        1113340
        3820000      1.0000000     -1.9971258    0.025823710     0.99920317    0.026934664     0.99920574        1116092
        3830000      1.0000000     -1.9971259    0.025817850     0.99920337    0.026868423     0.99920593        1119042
        3840000      1.0000000     -1.9971258    0.025812654     0.99920352    0.026802623     0.99920608        1122020
        3850000      1.0000000     -1.9971260    0.025806088     0.99920373    0.026737135     0.99920627        1124914
        3860000      1.0000000     -1.9971260    0.025801017     0.99920388    0.026672003     0.99920642        1127874
        3870000      1.0000000     -1.9971255    0.025799567     0.99920391    0.026607447     0.99920645        1130742
        3880000      1.0000000     -1.9971258    0.025790395     0.99920416    0.026542683     0.99920669        1133494
        3890000      1.0000000     -1.9971260    0.025784415     0.99920438    0.026478472     0.99920690        1136420
        3900000      1.0000000     -1.9971264    0.025776418     0.99920465    0.026414507     0.99920717        1139236
        3910000      1.0000000     -1.9971271    0.025763717     0.99920499    0.026350472     0.99920750        1142025
        3920000      1.0000000     -1.9971272    0.025757929     0.99920517    0.026287231     0.99920767        1144854
        3930000      1.0000000     -1.9971275    0.025750400     0.99920542    0.026224212     0.99920792        1147719
        3940000      1.0000000     -1.9971274    0.025744734     0.99920556    0.026161680     0.99920805        1150687
        3950000      1.0000000     -1.9971277    0.025735739     0.99920580    0.026099196     0.99920828        1153568
        3960000      1.0000000     -1.9971283    0.025725778     0.99920610    0.026036891     0.99920858        1156384
        3970000      1.0000000     -1.9971289    0.025715236     0.99920641    0.025974961     0.99920888        1159104
        3980000      1.0000000     -1.9971291    0.025708920     0.99920660    0.025913706     0.99920907        1161964
        3990000      1.0000000     -1.9971292    0.025701767     0.99920680    0.025852607     0.99920926        1164796
        4000000      1.0000000     -1.9971295    0.025695093     0.99920702    0.025791823     0.99920948        1167696
