          10000      2.3000000     -1.3808630      1.7989282    -0.10586900      73.383304     0.61962700         849300
          20000      2.3000000     -1.3900720      1.7193259    -0.13178350      75.328447     0.63785600        1672582
          30000      2.3000000     -1.3901527      1.7236055    0.026577500      77.786684     0.63397717        2508534
          40000      2.3000000     -1.3927090      1.6908421   -0.048762000      78.174798     0.63840725        3330409
          50000      2.3000000     -1.3964664      1.6853092    0.080527000      78.493408     0.64409740        4135818
          60000      2.3000000     -1.3979553      1.6643241    0.023340667      79.973366     0.64645000        4951275
          70000      2.3000000     -1.3965401      1.6581675   -0.032217357      79.416497     0.64425964        5789804
          80000      2.3000000     -1.3987946      1.6360103   -0.046476375      79.949102     0.64881188        6592449
          90000      2.3000000     -1.4005928      1.6187773    0.032105222      80.737619     0.65253956        7392820
         100000      2.3000000     -1.3999762      1.6055538    0.011201100      80.622758     0.65145640        8223331
         110000      2.3000000     -1.4006330      1.5974249    0.053561045      80.424188     0.65311823        9035094
         120000      2.3000000     -1.3999826      1.6116321    0.060331042      79.981401     0.65116271        9867225
         130000      2.3000000     -1.4010383      1.5978166    0.036969846      80.739000     0.65334331       10670072
         140000      2.3000000     -1.3977549      1.6332505    0.041115143      79.501076     0.64603371       11557745
         150000      2.3000000     -1.3963829      1.6368907    0.020241200      79.188098     0.64314047       12413606
         160000      2.3000000     -1.3959814      1.6377733    0.042922094      78.791841     0.64217772       13249556
         170000      2.3000000     -1.3952661      1.6437988    0.046778353      78.478296     0.64076241       14094912
         180000      2.3000000     -1.3945059      1.6519659    0.023067028      78.424289     0.63861342       14944697
         190000      2.3000000     -1.3941933      1.6537953    0.024570342      78.340089     0.63830587       15783237
         200000      2.3000000     -1.3951649      1.6557688    0.037388750      78.559823     0.64029570       16586049
         210000      2.3000000     -1.3942696      1.6541357    0.037765286      78.258643     0.63882971       17442913
         220000      2.3000000     -1.3943836      1.6584301    0.039122773      78.310518     0.63921418       18271960
         230000      2.3000000     -1.3940320      1.6572592    0.020213348      78.388787     0.63870183       19113486
         240000      2.3000000     -1.3938622      1.6568624   0.0028826042      78.408686     0.63845281       19950070
         250000      2.3000000     -1.3937027      1.6615909   -0.012843880      78.293470     0.63781432       20786695
         260000      2.3000000     -1.3943331      1.6582375   -0.022010750      78.448896     0.63916033       21593463
         270000      2.3000000     -1.3949664      1.6546019   -0.016514704      78.751490     0.64070281       22397082
         280000      2.3000000     -1.3949350      1.6559633   -0.010057804      78.752989     0.64056577       23229151
         290000      2.3000000     -1.3949991      1.6531300   -0.019490862      78.702200     0.64047452       24057151
         300000      2.3000000     -1.3948203      1.6501829   -0.015066350      78.650577     0.64018348       24892921
         310000      2.3000000     -1.3941306      1.6521586  -0.0056885806      78.465910     0.63899939       25752892
         320000      2.3000000     -1.3933930      1.6543331  -0.0024356250      78.238826     0.63774150       26617351
         330000      2.3000000     -1.3930700      1.6560079  -0.0058023788      78.087136     0.63686362       27464049
         340000      2.3000000     -1.3926340      1.6563488  -0.0013208824      77.967407     0.63623471       28317821
         350000      2.3000000     -1.3927753      1.6530322  0.00084115714      78.030814     0.63665890       29142971
         360000      2.3000000     -1.3929689      1.6557381   0.0047244861      78.026327     0.63637557       29966000
         370000      2.3000000     -1.3928990      1.6586871   0.0027362162      78.032549     0.63642922       30801621
         380000      2.3000000     -1.3930178      1.6580106  -0.0046393947      78.074565     0.63671092       31625785
         390000      2.3000000     -1.3937573      1.6582130    0.012090282      78.266478     0.63770762       32415261
         400000      2.3000000     -1.3936441      1.6589417  -0.0023432375      78.277346     0.63770611       33254716
         410000      2.3000000     -1.3939100      1.6569256   0.0064474756      78.360557     0.63831621       34069421
         420000      2.3000000     -1.3939438      1.6571227   0.0037035952      78.356848     0.63822690       34898819
         430000      2.3000000     -1.3937834      1.6592232   0.0026474419      78.299548     0.63795665       35740488
         440000      2.3000000     -1.3938809      1.6610931  -0.0055176818      78.324382     0.63807623       36566238
         450000      2.3000000     -1.3941944      1.6589908  -0.0089109000      78.423552     0.63864588       37377035
         460000      2.3000000     -1.3946953      1.6575673   -0.019370141      78.541501     0.63949853       38174734
         470000      2.3000000     -1.3945418      1.6572013   -0.026168851      78.442244     0.63932560       39015026
         480000      2.3000000     -1.3942934      1.6565689   -0.019550177      78.403167     0.63880420       39862724
         490000      2.3000000     -1.3945590      1.6558639   -0.022163888      78.448798     0.63913944       40674693
         500000      2.3000000     -1.3946060      1.6553440   -0.031781440      78.376826     0.63928432       41500863
         510000      2.3000000     -1.3947211      1.6540703   -0.021377157      78.544145     0.63976404       42321738
         520000      2.3000000     -1.3944754      1.6548468   -0.017461500      78.481925     0.63924435       43171285
         530000      2.3000000     -1.3945966      1.6537693   -0.013626396      78.562942     0.63963985       43993540
         540000      2.3000000     -1.3951440      1.6509981   -0.011982083      78.745381     0.64061699       44780508
         550000      2.3000000     -1.3949176      1.6510498  -0.0034951636      78.713554     0.64039262       45629002
         560000      2.3000000     -1.3947567      1.6532961  -0.0022100714      78.664775     0.64007296       46470859
         570000      2.3000000     -1.3944636      1.6554502  -0.0032744912      78.589950     0.63961709       47323891
         580000      2.3000000     -1.3942876      1.6558432   0.0036985172      78.524704     0.63922181       48169185
         590000      2.3000000     -1.3946413      1.6564078   0.0061869576      78.639238     0.63974474       48968462
         600000      2.3000000     -1.3946032      1.6562003  0.00045981667      78.632228     0.63971035       49801239
         610000      2.3000000     -1.3947007      1.6554745  -0.0098089508      78.645318     0.63989284       50622043
         620000      2.3000000     -1.3946810      1.6555100   -0.010171742      78.628661     0.63977698       51452958
         630000      2.3000000     -1.3946673      1.6553045  -0.0077669048      78.627291     0.63971924       52283288
         640000      2.3000000     -1.3945246      1.6545452  -0.0057169531      78.606728     0.63968009       53126286
         650000      2.3000000     -1.3943370      1.6563045  -0.0037468000      78.521520     0.63915963       53974311
         660000      2.3000000     -1.3939232      1.6583453  -0.0046840076      78.390900     0.63841955       54842881
         670000      2.3000000     -1.3941408      1.6585035  -0.0049612537      78.474498     0.63890969       55651334
         680000      2.3000000     -1.3940591      1.6574703  -0.0045674044      78.448748     0.63876092       56490101
         690000      2.3000000     -1.3941943      1.6578999  0.00079822464      78.477938     0.63888296       57310856
         700000      2.3000000     -1.3940485      1.6586724   0.0035906357      78.413182     0.63849086       58156509
         710000      2.3000000     -1.3944042      1.6575361   0.0016649155      78.525261     0.63908541       58951420
         720000      2.3000000     -1.3942631      1.6588481   0.0034145278      78.481062     0.63881306       59796559
         730000      2.3000000     -1.3943378      1.6581625    0.011113199      78.479212     0.63889438       60619037
         740000      2.3000000     -1.3942161      1.6585034   0.0071714730      78.453899     0.63870419       61462033
         750000      2.3000000     -1.3942945      1.6593751    0.010937473      78.440781     0.63860377       62284777
         760000      2.3000000     -1.3944584      1.6576609    0.014917599      78.487110     0.63897606       63095600
         770000      2.3000000     -1.3947733      1.6570986    0.010463545      78.612884     0.63956965       63888942
         780000      2.3000000     -1.3945216      1.6578343   0.0093254103      78.541259     0.63917524       64746096
         790000      2.3000000     -1.3943173      1.6582502   0.0085515949      78.474923     0.63881187       65600167
         800000      2.3000000     -1.3943971      1.6579470   0.0056785687      78.500203     0.63890808       66420386
         810000      2.3000000     -1.3946144      1.6581621   0.0093097469      78.559968     0.63928809       67226380
         820000      2.3000000     -1.3944221      1.6578633    0.010268933      78.497789     0.63895977       68080019
         830000      2.3000000     -1.3945884      1.6568027   0.0047344578      78.567078     0.63930184       68889295
         840000      2.3000000     -1.3945458      1.6562802   0.0022875952      78.547925     0.63921606       69724782
         850000      2.3000000     -1.3947306      1.6563494   0.0011127824      78.611910     0.63955378       70532927
         860000      2.3000000     -1.3946715      1.6556693 -9.4441860E-05      78.588496     0.63942965       71371109
         870000      2.3000000     -1.3945342      1.6565861  -0.0024151954      78.530873     0.63910437       72218363
         880000      2.3000000     -1.3945742      1.6574256  -0.0077782614      78.536126     0.63914851       73042304
         890000      2.3000000     -1.3945031      1.6577620  -0.0052073820      78.513612     0.63894619       73879932
         900000      2.3000000     -1.3944893      1.6581948  -0.0082861000      78.506194     0.63892516       74712291
         910000      2.3000000     -1.3945584      1.6575437  -0.0034132857      78.541129     0.63909143       75534476
         920000      2.3000000     -1.3945555      1.6577468  -0.0060983043      78.535975     0.63911391       76366049
         930000      2.3000000     -1.3945366      1.6576153  -0.0056689462      78.543705     0.63918541       77198206
         940000      2.3000000     -1.3945383      1.6575967  -0.0091458723      78.553472     0.63933841       78027552
         950000      2.3000000     -1.3946632      1.6562735  -0.0072197579      78.606589     0.63962622       78839093
         960000      2.3000000     -1.3945904      1.6560686 -0.00061917188      78.592494     0.63950538       79679098
         970000      2.3000000     -1.3946966      1.6555136   0.0059854588      78.625073     0.63971570       80493458
         980000      2.3000000     -1.3948564      1.6541848    0.010024587      78.661844     0.63999475       81300972
         990000      2.3000000     -1.3948948      1.6536680    0.015088732      78.655338     0.64011219       82125974
        1000000      2.3000000     -1.3950408      1.6513566    0.015427335      78.705315     0.64044926       82935160
        1010000      2.3000000     -1.3952309      1.6522702    0.016997460      78.748015     0.64067752       83737306
        1020000      2.3000000     -1.3951773      1.6533838    0.018063225      78.720241     0.64053351       84575124
        1030000      2.3000000     -1.3951016      1.6545737    0.016829451      78.705685     0.64038597       85415760
        1040000      2.3000000     -1.3951425      1.6537982    0.014214957      78.737381     0.64052855       86237897
        1050000      2.3000000     -1.3953291      1.6535254    0.015375348      78.796009     0.64088156       87039579
        1060000      2.3000000     -1.3953951      1.6541720    0.015660557      78.817272     0.64098234       87857967
        1070000      2.3000000     -1.3953505      1.6547321    0.011981626      78.793977     0.64068379       88693519
        1080000      2.3000000     -1.3953255      1.6550740    0.011009884      78.787600     0.64063772       89525879
        1090000      2.3000000     -1.3954133      1.6540877    0.015516459      78.789791     0.64079112       90340986
        1100000      2.3000000     -1.3953215      1.6552991    0.016267664      78.752718     0.64057315       91184947
        1110000      2.3000000     -1.3952830      1.6559478    0.013718405      78.758060     0.64054158       92020311
        1120000      2.3000000     -1.3953467      1.6564769    0.015812067      78.772766     0.64064778       92840804
        1130000      2.3000000     -1.3953957      1.6573242    0.015513544      78.784932     0.64068775       93663775
        1140000      2.3000000     -1.3954210      1.6572637    0.017843333      78.783623     0.64078509       94487644
        1150000      2.3000000     -1.3955873      1.6563782    0.015796039      78.851785     0.64112267       95287026
        1160000      2.3000000     -1.3957444      1.6545209    0.013184978      78.913297     0.64142930       96090129
        1170000      2.3000000     -1.3957507      1.6543693    0.014684197      78.907679     0.64142881       96917350
        1180000      2.3000000     -1.3957546      1.6538316    0.010916992      78.922359     0.64143247       97745971
        1190000      2.3000000     -1.3955844      1.6549515   0.0082856891      78.866177     0.64103850       98604107
        1200000      2.3000000     -1.3956921      1.6552247   0.0092067042      78.893963     0.64118994       99412650
        1210000      2.3000000     -1.3956257      1.6554671    0.013193570      78.852932     0.64104082      100252101
        1220000      2.3000000     -1.3957897      1.6547929    0.015753336      78.899466     0.64137631      101051868
        1230000      2.3000000     -1.3958418      1.6549913    0.014440427      78.927095     0.64149048      101871313
        1240000      2.3000000     -1.3956465      1.6560689    0.017851843      78.836560     0.64107194      102733766
        1250000      2.3000000     -1.3956370      1.6562089    0.019855084      78.820987     0.64105770      103564789
        1260000      2.3000000     -1.3956128      1.6552818    0.023029611      78.796015     0.64107847      104397974
        1270000      2.3000000     -1.3956196      1.6552371    0.024256587      78.785437     0.64106693      105223660
        1280000      2.3000000     -1.3956407      1.6544661    0.029157668      78.759016     0.64122186      106047900
        1290000      2.3000000     -1.3956436      1.6538116    0.030935391      78.733594     0.64117596      106876118
        1300000      2.3000000     -1.3957906      1.6525891    0.027140304      78.826532     0.64148934      107676118
        1310000      2.3000000     -1.3957777      1.6534034    0.026162989      78.824466     0.64140873      108507471
        1320000      2.3000000     -1.3957017      1.6547748    0.025303871      78.802113     0.64120385      109351064
        1330000      2.3000000     -1.3957678      1.6535571    0.021419278      78.854058     0.64133249      110166795
        1340000      2.3000000     -1.3957146      1.6532535    0.020437313      78.843200     0.64125122      111005029
        1350000      2.3000000     -1.3957213      1.6520565    0.018583885      78.854211     0.64127446      111832096
        1360000      2.3000000     -1.3957162      1.6525407    0.018690853      78.853768     0.64128515      112659014
        1370000      2.3000000     -1.3956918      1.6530589    0.019357234      78.849925     0.64129056      113490056
        1380000      2.3000000     -1.3957383      1.6526576    0.017873413      78.878425     0.64140080      114308486
        1390000      2.3000000     -1.3956826      1.6524549    0.018803899      78.852130     0.64130582      115147089
        1400000      2.3000000     -1.3957802      1.6523483    0.016945707      78.899495     0.64149759      115956119
        1410000      2.3000000     -1.3958292      1.6524997    0.017779730      78.912021     0.64160557      116774136
        1420000      2.3000000     -1.3959273      1.6514319    0.015297810      78.960959     0.64182512      117580809
        1430000      2.3000000     -1.3959909      1.6520435    0.012969675      78.983904     0.64186895      118397083
        1440000      2.3000000     -1.3960042      1.6520840    0.012447740      78.982642     0.64186791      119224969
        1450000      2.3000000     -1.3958959      1.6522215    0.011063117      78.943705     0.64160307      120075524
        1460000      2.3000000     -1.3959175      1.6530971    0.013279969      78.947267     0.64166525      120899423
        1470000      2.3000000     -1.3959602      1.6527504    0.015785333      78.950565     0.64175578      121718929
        1480000      2.3000000     -1.3960024      1.6530571    0.016685652      78.957577     0.64181605      122537317
        1490000      2.3000000     -1.3961648      1.6522425    0.016418725      79.007629     0.64208879      123332613
        1500000      2.3000000     -1.3961606      1.6526412    0.016562330      79.007465     0.64209505      124161983
        1510000      2.3000000     -1.3961262      1.6531782    0.017323361      78.983448     0.64195716      124998970
        1520000      2.3000000     -1.3960286      1.6538148    0.018987704      78.940876     0.64178564      125849577
        1530000      2.3000000     -1.3961901      1.6532675    0.017200804      79.003039     0.64205507      126640901
        1540000      2.3000000     -1.3961995      1.6525430    0.014055334      79.021589     0.64207503      127465633
        1550000      2.3000000     -1.3961282      1.6523384    0.011759190      79.007269     0.64195558      128310974
        1560000      2.3000000     -1.3962989      1.6520490    0.013166282      79.051417     0.64221986      129100277
        1570000      2.3000000     -1.3962512      1.6522121    0.014570124      79.028896     0.64217121      129939788
        1580000      2.3000000     -1.3963380      1.6518275    0.014169867      79.057020     0.64232516      130748967
        1590000      2.3000000     -1.3963127      1.6514567    0.013479513      79.047527     0.64224968      131582316
        1600000      2.3000000     -1.3964643      1.6507374    0.017704950      79.077384     0.64255311      132373632
        1610000      2.3000000     -1.3963866      1.6508498    0.017568950      79.056032     0.64244619      133219137
        1620000      2.3000000     -1.3963939      1.6512721    0.019688753      79.039507     0.64242644      134047095
        1630000      2.3000000     -1.3964294      1.6510446    0.018554080      79.065305     0.64254045      134865962
        1640000      2.3000000     -1.3963599      1.6508555    0.017520375      79.048193     0.64241314      135711782
        1650000      2.3000000     -1.3963487      1.6503944    0.015463570      79.061584     0.64242809      136541830
        1660000      2.3000000     -1.3961953      1.6511497    0.012234142      79.025415     0.64212929      137406373
        1670000      2.3000000     -1.3962375      1.6510127    0.013301311      79.035843     0.64221035      138225302
        1680000      2.3000000     -1.3963139      1.6503021    0.016329107      79.051922     0.64242971      139034153
        1690000      2.3000000     -1.3962006      1.6508415    0.016239257      79.014407     0.64222022      139890519
        1700000      2.3000000     -1.3961515      1.6515977    0.016128629      78.985383     0.64201925      140732311
        1710000      2.3000000     -1.3961643      1.6515591    0.015248149      78.993796     0.64204469      141557091
        1720000      2.3000000     -1.3961146      1.6525714    0.015467430      78.972440     0.64191395      142398318
        1730000      2.3000000     -1.3961670      1.6520192    0.015416026      78.993516     0.64205107      143213317
        1740000      2.3000000     -1.3961725      1.6519457    0.014720172      78.998495     0.64207102      144040314
        1750000      2.3000000     -1.3961751      1.6525368    0.016052097      78.991081     0.64206787      144867465
        1760000      2.3000000     -1.3961362      1.6530513    0.017254764      78.968912     0.64198078      145705094
        1770000      2.3000000     -1.3961663      1.6530456    0.015425980      78.992189     0.64206580      146524692
        1780000      2.3000000     -1.3962258      1.6529553    0.017551730      78.999898     0.64215704      147336571
        1790000      2.3000000     -1.3963477      1.6529421    0.019141964      79.025222     0.64233250      148133108
        1800000      2.3000000     -1.3963626      1.6528709    0.016569200      79.042554     0.64231414      148955826
        1810000      2.3000000     -1.3963886      1.6530564    0.018874506      79.035250     0.64234925      149776093
        1820000      2.3000000     -1.3963435      1.6530431    0.021281291      78.999250     0.64222940      150614497
        1830000      2.3000000     -1.3964054      1.6526318    0.020934484      79.023604     0.64237259      151427057
        1840000      2.3000000     -1.3963597      1.6530925    0.017895174      79.032468     0.64230923      152266436
        1850000      2.3000000     -1.3963133      1.6530434    0.016180092      79.026308     0.64222598      153106258
        1860000      2.3000000     -1.3961984      1.6533693    0.018755465      78.972881     0.64202169      153965601
        1870000      2.3000000     -1.3961590      1.6535370    0.018264233      78.968589     0.64198400      154803462
        1880000      2.3000000     -1.3960462      1.6543105    0.018750460      78.935678     0.64182284      155663941
        1890000      2.3000000     -1.3961405      1.6534449    0.016996897      78.982100     0.64204010      156467734
        1900000      2.3000000     -1.3961545      1.6533897    0.015243139      78.992290     0.64203063      157292028
        1910000      2.3000000     -1.3960710      1.6536279    0.012140942      78.982884     0.64190002      158142844
        1920000      2.3000000     -1.3960357      1.6535204    0.014806182      78.960268     0.64185439      158982958
        1930000      2.3000000     -1.3959687      1.6534130    0.015065611      78.935364     0.64173834      159829330
        1940000      2.3000000     -1.3959506      1.6532875    0.014170265      78.938835     0.64174213      160662497
        1950000      2.3000000     -1.3959813      1.6524332    0.015653392      78.943548     0.64183445      161482470
        1960000      2.3000000     -1.3960138      1.6524939    0.014336612      78.962667     0.64190037      162302021
        1970000      2.3000000     -1.3960095      1.6526574    0.014173802      78.967970     0.64192976      163132638
        1980000      2.3000000     -1.3959726      1.6527163    0.013564232      78.957320     0.64186356      163972836
        1990000      2.3000000     -1.3960436      1.6516315    0.011319392      78.996441     0.64204432      164778708
        2000000      2.3000000     -1.3959705      1.6511682    0.011377992      78.977367     0.64196484      165628156
        2010000      2.3000000     -1.3959702      1.6511916    0.013290286      78.973622     0.64199402      166456507
        2020000      2.3000000     -1.3960212      1.6507506    0.013011101      78.992598     0.64210829      167268939
        2030000      2.3000000     -1.3960711      1.6498212    0.013779670      79.011591     0.64225927      168081308
        2040000      2.3000000     -1.3961809      1.6492900    0.012874556      79.055267     0.64249194      168875941
        2050000      2.3000000     -1.3962633      1.6488814    0.015422756      79.072096     0.64264861      169678835
        2060000      2.3000000     -1.3963728      1.6480604    0.012734255      79.119820     0.64284810      170473769
        2070000      2.3000000     -1.3963794      1.6481218    0.012021894      79.119562     0.64282154      171301380
        2080000      2.3000000     -1.3964266      1.6478574    0.012997325      79.128944     0.64289886      172113709
        2090000      2.3000000     -1.3964428      1.6474218    0.011564184      79.145535     0.64296867      172935607
        2100000      2.3000000     -1.3964548      1.6476448    0.011841595      79.147382     0.64295615      173758226
        2110000      2.3000000     -1.3963305      1.6482106    0.012298675      79.111029     0.64276577      174625676
        2120000      2.3000000     -1.3963659      1.6479803    0.012256644      79.124312     0.64284621      175441886
        2130000      2.3000000     -1.3963117      1.6478663    0.011014634      79.114253     0.64277612      176286238
        2140000      2.3000000     -1.3963750      1.6477215   0.0091441051      79.141328     0.64288249      177094063
        2150000      2.3000000     -1.3963744      1.6478861    0.010362598      79.139128     0.64289203      177920486
        2160000      2.3000000     -1.3963223      1.6475729    0.011209525      79.120675     0.64283278      178766005
        2170000      2.3000000     -1.3963294      1.6477230    0.011915903      79.125821     0.64286246      179590175
        2180000      2.3000000     -1.3964492      1.6471184    0.011162151      79.167141     0.64307806      180380326
        2190000      2.3000000     -1.3963517      1.6479020   0.0099332854      79.134683     0.64284664      181238561
        2200000      2.3000000     -1.3963715      1.6481503   0.0099534909      79.142984     0.64287907      182058510
        2210000      2.3000000     -1.3963097      1.6482564    0.010336971      79.124298     0.64279236      182906593
        2220000      2.3000000     -1.3963082      1.6480157    0.011622221      79.120341     0.64280955      183733738
        2230000      2.3000000     -1.3963430      1.6477512   0.0096919978      79.142913     0.64289482      184550760
        2240000      2.3000000     -1.3962798      1.6478085   0.0089545179      79.121580     0.64276451      185399563
        2250000      2.3000000     -1.3963054      1.6478999   0.0096358867      79.127086     0.64280062      186219776
        2260000      2.3000000     -1.3962381      1.6479215   0.0099139757      79.102536     0.64266859      187070708
        2270000      2.3000000     -1.3962813      1.6474181    0.010012619      79.116508     0.64277146      187884334
        2280000      2.3000000     -1.3963331      1.6471931    0.010211605      79.136638     0.64289157      188694819
        2290000      2.3000000     -1.3963332      1.6471032   0.0087121288      79.145295     0.64291660      189524664
        2300000      2.3000000     -1.3962924      1.6468386   0.0081141717      79.136794     0.64287485      190366917
        2310000      2.3000000     -1.3963283      1.6464369   0.0064417294      79.151200     0.64294405      191182595
        2320000      2.3000000     -1.3963467      1.6463288   0.0071721724      79.159789     0.64300382      192002439
        2330000      2.3000000     -1.3963687      1.6460025   0.0059250107      79.173823     0.64308280      192821847
        2340000      2.3000000     -1.3963778      1.6463905   0.0040490107      79.182251     0.64310211      193646981
        2350000      2.3000000     -1.3963432      1.6460693   0.0016568660      79.174097     0.64305105      194486480
        2360000      2.3000000     -1.3963473      1.6458194   0.0021920000      79.179340     0.64308636      195313936
        2370000      2.3000000     -1.3963898      1.6455315   0.0010813228      79.192873     0.64315094      196127175
        2380000      2.3000000     -1.3963925      1.6452037 -0.00038588655      79.189173     0.64313176      196953489
        2390000      2.3000000     -1.3964043      1.6452824  0.00057722594      79.196743     0.64319346      197776385
        2400000      2.3000000     -1.3963901      1.6456136   0.0020761021      79.189013     0.64314589      198609900
        2410000      2.3000000     -1.3963698      1.6454933   0.0016794108      79.182083     0.64311042      199445569
        2420000      2.3000000     -1.3963535      1.6456036 -0.00067517562      79.175030     0.64306296      200277235
        2430000      2.3000000     -1.3963672      1.6459772   0.0014184733      79.180769     0.64307536      201099701
        2440000      2.3000000     -1.3963776      1.6463979  0.00011953893      79.181307     0.64305323      201922774
        2450000      2.3000000     -1.3963668      1.6461724  -0.0011051653      79.172981     0.64300252      202754154
        2460000      2.3000000     -1.3962833      1.6472969  -0.0017546890      79.146551     0.64284593      203612661
        2470000      2.3000000     -1.3963004      1.6479410  -0.0015297126      79.150848     0.64285585      204433587
        2480000      2.3000000     -1.3962548      1.6480816 -0.00019211895      79.133985     0.64275573      205278764
        2490000      2.3000000     -1.3962035      1.6483878  0.00094088755      79.120617     0.64268212      206124446
        2500000      2.3000000     -1.3962423      1.6480831   0.0011579880      79.134095     0.64276040      206937624
        2510000      2.3000000     -1.3962462      1.6481536 -2.5996016E-06      79.135979     0.64275793      207764202
        2520000      2.3000000     -1.3962925      1.6481012  0.00028634722      79.147760     0.64281688      208574539
        2530000      2.3000000     -1.3963143      1.6479092  0.00050473913      79.154637     0.64287082      209394865
        2540000      2.3000000     -1.3963621      1.6474144  0.00021151772      79.170545     0.64297544      210204911
        2550000      2.3000000     -1.3964882      1.6467923  0.00056889804      79.210898     0.64320331      210986613
        2560000      2.3000000     -1.3964721      1.6473048  -0.0010956445      79.205579     0.64317047      211821027
        2570000      2.3000000     -1.3964846      1.6471662 -0.00013209728      79.210124     0.64320940      212644287
        2580000      2.3000000     -1.3963801      1.6477892  0.00082496318      79.174598     0.64299612      213509982
        2590000      2.3000000     -1.3964062      1.6477615  0.00018277992      79.177526     0.64301105      214327757
        2600000      2.3000000     -1.3963840      1.6475680  0.00084647500      79.174574     0.64300521      215161748
        2610000      2.3000000     -1.3964566      1.6471727  -0.0014293448      79.196402     0.64312456      215961542
        2620000      2.3000000     -1.3964066      1.6472375  -0.0029377424      79.176583     0.64302164      216808896
        2630000      2.3000000     -1.3964011      1.6473389  -0.0016876711      79.183147     0.64306398      217636164
        2640000      2.3000000     -1.3963461      1.6476922  -0.0033726345      79.167859     0.64300717      218486597
        2650000      2.3000000     -1.3963216      1.6475292  -0.0010448094      79.165896     0.64300763      219322692
        2660000      2.3000000     -1.3963486      1.6474767  -0.0022325075      79.177551     0.64306860      220139189
        2670000      2.3000000     -1.3962690      1.6478891  -0.0023083071      79.148965     0.64290035      220996921
        2680000      2.3000000     -1.3963044      1.6478913  -0.0041190653      79.160258     0.64296574      221809741
        2690000      2.3000000     -1.3962988      1.6476831  -0.0026970112      79.163914     0.64298055      222639158
        2700000      2.3000000     -1.3962680      1.6474876  -0.0021178648      79.155342     0.64294699      223478844
        2710000      2.3000000     -1.3962744      1.6474057  -0.0029957251      79.155191     0.64294728      224304081
        2720000      2.3000000     -1.3962948      1.6474232  -0.0043279191      79.157185     0.64296007      225123290
        2730000      2.3000000     -1.3962094      1.6475345  -0.0041679908      79.127854     0.64278834      225986054
        2740000      2.3000000     -1.3961751      1.6476097  -0.0035852044      79.120488     0.64276262      226827629
        2750000      2.3000000     -1.3962426      1.6475884  -0.0046792927      79.143940     0.64289119      227629395
        2760000      2.3000000     -1.3962790      1.6475330  -0.0041668822      79.155588     0.64295245      228440935
        2770000      2.3000000     -1.3962700      1.6474809  -0.0027966155      79.154203     0.64294122      229273829
        2780000      2.3000000     -1.3963010      1.6479028  -0.0020653831      79.165208     0.64297773      230088772
        2790000      2.3000000     -1.3962867      1.6480594  -0.0031048853      79.156898     0.64292982      230921685
        2800000      2.3000000     -1.3962999      1.6479496  -0.0037041554      79.165761     0.64299077      231743307
        2810000      2.3000000     -1.3963543      1.6473999  -0.0035600036      79.181031     0.64307722      232549555
        2820000      2.3000000     -1.3963781      1.6471461  -0.0021107961      79.188959     0.64311430      233367420
        2830000      2.3000000     -1.3963980      1.6474356  -0.0020146961      79.192252     0.64311401      234188462
        2840000      2.3000000     -1.3963683      1.6476432  -0.0030933820      79.179903     0.64304415      235030093
        2850000      2.3000000     -1.3963737      1.6475459  -0.0039265719      79.179826     0.64305768      235856202
        2860000      2.3000000     -1.3963174      1.6476605  -0.0023072710      79.162804     0.64295319      236706601
        2870000      2.3000000     -1.3963918      1.6475594  -0.0026316132      79.185714     0.64306672      237503653
        2880000      2.3000000     -1.3963688      1.6482100  -0.0019850052      79.179884     0.64302167      238342832
        2890000      2.3000000     -1.3964171      1.6479890  -0.0025715554      79.195900     0.64310994      239149243
        2900000      2.3000000     -1.3964447      1.6479966  -0.0044381776      79.199724     0.64313725      239965758
        2910000      2.3000000     -1.3964512      1.6481291  -0.0044917010      79.203067     0.64315426      240790869
        2920000      2.3000000     -1.3964498      1.6485572  -0.0039783425      79.199921     0.64311411      241619466
        2930000      2.3000000     -1.3964612      1.6486762  -0.0044099949      79.203373     0.64312903      242442639
        2940000      2.3000000     -1.3964275      1.6490187  -0.0032483588      79.190432     0.64304883      243286729
        2950000      2.3000000     -1.3964195      1.6493584  -0.0050787305      79.183969     0.64301960      244117426
        2960000      2.3000000     -1.3964440      1.6492713  -0.0056147280      79.187831     0.64304094      244933903
        2970000      2.3000000     -1.3964756      1.6493991  -0.0050736734      79.196845     0.64307621      245747604
        2980000      2.3000000     -1.3965038      1.6491806  -0.0070784732      79.200724     0.64312709      246562570
        2990000      2.3000000     -1.3965263      1.6492872  -0.0061570836      79.209130     0.64316151      247379575
        3000000      2.3000000     -1.3965251      1.6496605  -0.0076305517      79.208749     0.64316662      248204877
        3010000      2.3000000     -1.3965336      1.6494093  -0.0093046711      79.207703     0.64319658      249027865
        3020000      2.3000000     -1.3966098      1.6492395  -0.0080478775      79.232881     0.64330374      249821757
        3030000      2.3000000     -1.3966450      1.6491154  -0.0071370231      79.247559     0.64337710      250634004
        3040000      2.3000000     -1.3966566      1.6490181  -0.0068113092      79.251924     0.64340392      251457602
        3050000      2.3000000     -1.3966461      1.6492889  -0.0082119967      79.243239     0.64338186      252289608
        3060000      2.3000000     -1.3965974      1.6496753  -0.0084108971      79.227655     0.64329765      253139474
        3070000      2.3000000     -1.3965480      1.6499650  -0.0086440961      79.213982     0.64323059      253986728
        3080000      2.3000000     -1.3965581      1.6497342   -0.010051830      79.213481     0.64326041      254810303
        3090000      2.3000000     -1.3965489      1.6500216   -0.010239220      79.211101     0.64325095      255642066
        3100000      2.3000000     -1.3965141      1.6501484   -0.010205705      79.199818     0.64319009      256485254
        3110000      2.3000000     -1.3964385      1.6507430   -0.010503945      79.168266     0.64301214      257348805
        3120000      2.3000000     -1.3964779      1.6503396   -0.011843620      79.175720     0.64309082      258157658
        3130000      2.3000000     -1.3964639      1.6500828   -0.012218157      79.171092     0.64308547      258991786
        3140000      2.3000000     -1.3964473      1.6499087   -0.012561218      79.160584     0.64303335      259828306
        3150000      2.3000000     -1.3964439      1.6499993   -0.011806662      79.161076     0.64301740      260657884
        3160000      2.3000000     -1.3964327      1.6501533   -0.011857555      79.159871     0.64301637      261489673
        3170000      2.3000000     -1.3964053      1.6503274   -0.012574716      79.152598     0.64299690      262330354
        3180000      2.3000000     -1.3963621      1.6507540   -0.011446792      79.144536     0.64293227      263176420
        3190000      2.3000000     -1.3963722      1.6506255   -0.010756361      79.149841     0.64295261      263999672
        3200000      2.3000000     -1.3963953      1.6505020  -0.0099390453      79.162208     0.64301104      264816597
        3210000      2.3000000     -1.3963317      1.6514038  -0.0099670358      79.137434     0.64284674      265675510
        3220000      2.3000000     -1.3962997      1.6513757   -0.010108958      79.128184     0.64281691      266518605
        3230000      2.3000000     -1.3963021      1.6513468   -0.011009477      79.125785     0.64282181      267343295
        3240000      2.3000000     -1.3963323      1.6509948   -0.011021764      79.133559     0.64286119      268155500
        3250000      2.3000000     -1.3963566      1.6505881   -0.010727931      79.143803     0.64291222      268970742
        3260000      2.3000000     -1.3963617      1.6504879  -0.0097228911      79.147973     0.64291964      269796614
        3270000      2.3000000     -1.3963460      1.6506145  -0.0086515367      79.147144     0.64289398      270632508
        3280000      2.3000000     -1.3963559      1.6508319  -0.0097896753      79.146176     0.64289883      271455650
        3290000      2.3000000     -1.3963451      1.6506064  -0.0085358921      79.151127     0.64291434      272288876
        3300000      2.3000000     -1.3963442      1.6503938  -0.0075962197      79.157510     0.64295090      273115833
        3310000      2.3000000     -1.3963469      1.6503744  -0.0069994789      79.162168     0.64297149      273942224
        3320000      2.3000000     -1.3963422      1.6503273  -0.0074529819      79.153845     0.64292563      274772164
        3330000      2.3000000     -1.3963299      1.6503408  -0.0080809429      79.146961     0.64290033      275606549
        3340000      2.3000000     -1.3962798      1.6505703  -0.0081918503      79.133568     0.64282085      276459216
        3350000      2.3000000     -1.3962747      1.6507988  -0.0075388343      79.131613     0.64279912      277289044
        3360000      2.3000000     -1.3962179      1.6513825  -0.0082460268      79.106457     0.64264946      278145922
        3370000      2.3000000     -1.3962236      1.6513435  -0.0075954777      79.110560     0.64266005      278969044
        3380000      2.3000000     -1.3962181      1.6514161  -0.0088162426      79.102618     0.64263417      279798860
        3390000      2.3000000     -1.3962399      1.6510617  -0.0082117876      79.110785     0.64266517      280614849
        3400000      2.3000000     -1.3962112      1.6513774  -0.0086140750      79.100942     0.64260617      281457921
        3410000      2.3000000     -1.3962287      1.6511117  -0.0080657405      79.107696     0.64264329      282277006
        3420000      2.3000000     -1.3962367      1.6509165  -0.0072836491      79.116157     0.64267940      283099090
        3430000      2.3000000     -1.3961786      1.6516094  -0.0065790787      79.095949     0.64254062      283955091
        3440000      2.3000000     -1.3961678      1.6512784  -0.0057191047      79.091977     0.64251152      284787677
        3450000      2.3000000     -1.3961904      1.6511956  -0.0063277667      79.099536     0.64255551      285603819
        3460000      2.3000000     -1.3961812      1.6514813  -0.0056382110      79.099304     0.64254275      286436908
        3470000      2.3000000     -1.3961304      1.6516642  -0.0051750951      79.081812     0.64242868      287289995
        3480000      2.3000000     -1.3961668      1.6519374  -0.0055925905      79.091673     0.64248031      288100282
        3490000      2.3000000     -1.3961543      1.6517994  -0.0055999298      79.088881     0.64246571      288934043
        3500000      2.3000000     -1.3961342      1.6516158  -0.0071049657      79.078726     0.64243904      289772925
        3510000      2.3000000     -1.3961715      1.6515371  -0.0082826852      79.088538     0.64250639      290582309
        3520000      2.3000000     -1.3962081      1.6514724  -0.0087828736      79.096248     0.64255221      291390722
        3530000      2.3000000     -1.3962126      1.6512835  -0.0089148229      79.098970     0.64257946      292216028
        3540000      2.3000000     -1.3961795      1.6514514  -0.0090242444      79.082755     0.64248359      293061131
        3550000      2.3000000     -1.3961708      1.6516322  -0.0081535099      79.083496     0.64246437      293891961
        3560000      2.3000000     -1.3961540      1.6517132  -0.0083113497      79.072346     0.64239889      294727695
        3570000      2.3000000     -1.3962003      1.6515786  -0.0064354118      79.095963     0.64250300      295530165
        3580000      2.3000000     -1.3962149      1.6515879  -0.0071251201      79.100837     0.64253578      296350786
        3590000      2.3000000     -1.3961811      1.6518903  -0.0077262967      79.088569     0.64246861      297195376
        3600000      2.3000000     -1.3961618      1.6520733  -0.0079781069      79.080610     0.64242364      298034127
        3610000      2.3000000     -1.3961886      1.6516224  -0.0091692091      79.086994     0.64248731      298849426
        3620000      2.3000000     -1.3962006      1.6518312  -0.0093815428      79.090076     0.64249666      299670683
        3630000      2.3000000     -1.3961807      1.6520858  -0.0095849077      79.080335     0.64243177      300508247
        3640000      2.3000000     -1.3961698      1.6524188   -0.010503783      79.074200     0.64241023      301341129
        3650000      2.3000000     -1.3962022      1.6524485   -0.010441841      79.084646     0.64246094      302149570
        3660000      2.3000000     -1.3961845      1.6525646  -0.0092697664      79.084815     0.64243705      302984161
        3670000      2.3000000     -1.3961495      1.6529873  -0.0085712166      79.073689     0.64235056      303829949
        3680000      2.3000000     -1.3962127      1.6528459  -0.0090635774      79.090530     0.64244491      304624254
        3690000      2.3000000     -1.3961660      1.6530785  -0.0096531911      79.070973     0.64234407      305476285
        3700000      2.3000000     -1.3961796      1.6531785   -0.010733472      79.073597     0.64238539      306295143
        3710000      2.3000000     -1.3961380      1.6530116  -0.0092670310      79.065675     0.64232358      307147316
        3720000      2.3000000     -1.3961282      1.6531610  -0.0093882366      79.055679     0.64224977      307978929
        3730000      2.3000000     -1.3961756      1.6528464  -0.0089468123      79.071745     0.64233643      308782319
        3740000      2.3000000     -1.3961896      1.6524299  -0.0093612888      79.073515     0.64235252      309602392
        3750000      2.3000000     -1.3962057      1.6521315  -0.0096646640      79.078950     0.64239424      310421788
        3760000      2.3000000     -1.3961819      1.6519222  -0.0093325771      79.070814     0.64234397      311261893
        3770000      2.3000000     -1.3962000      1.6515920   -0.010824151      79.075451     0.64241329      312080919
        3780000      2.3000000     -1.3962302      1.6514631   -0.011176116      79.082717     0.64246149      312892910
        3790000      2.3000000     -1.3962657      1.6512539   -0.011477979      79.095471     0.64254357      313699813
        3800000      2.3000000     -1.3962529      1.6516056   -0.012520572      79.085662     0.64250360      314532468
        3810000      2.3000000     -1.3962221      1.6515683   -0.012131848      79.075595     0.64244287      315378568
        3820000      2.3000000     -1.3962391      1.6514178   -0.012508418      79.083766     0.64250772      316195716
        3830000      2.3000000     -1.3961776      1.6518924   -0.012878644      79.060842     0.64238112      317057753
        3840000      2.3000000     -1.3961761      1.6520859   -0.012792684      79.060214     0.64236221      317885329
        3850000      2.3000000     -1.3961741      1.6519321   -0.014360895      79.055991     0.64238700      318713383
        3860000      2.3000000     -1.3961603      1.6518912   -0.014384289      79.051553     0.64235791      319547907
        3870000      2.3000000     -1.3961423      1.6517702   -0.015521587      79.040072     0.64233158      320386021
        3880000      2.3000000     -1.3962036      1.6514236   -0.016576371      79.055008     0.64245429      321179214
        3890000      2.3000000     -1.3961499      1.6516100   -0.017097563      79.036176     0.64236746      322037091
        3900000      2.3000000     -1.3960491      1.6523028   -0.017551100      78.999716     0.64216432      322921346
        3910000      2.3000000     -1.3960087      1.6524267   -0.018844073      78.974950     0.64207549      323772829
        3920000      2.3000000     -1.3959699      1.6527375   -0.018476333      78.962562     0.64198368      324622711
        3930000      2.3000000     -1.3959966      1.6527086   -0.018329570      78.970614     0.64202635      325435356
        3940000      2.3000000     -1.3960196      1.6525722   -0.019214529      78.970837     0.64206699      326250264
        3950000      2.3000000     -1.3959452      1.6528285   -0.019321701      78.943586     0.64190824      327122184
        3960000      2.3000000     -1.3958987      1.6532966   -0.019555178      78.922842     0.64180016      327978276
        3970000      2.3000000     -1.3959120      1.6532922   -0.018924005      78.931563     0.64182121      328799590
        3980000      2.3000000     -1.3958791      1.6537071   -0.019081190      78.918241     0.64174329      329646583
        3990000      2.3000000     -1.3958810      1.6536698   -0.018038048      78.924174     0.64173830      330474318
        4000000      2.3000000     -1.3958566      1.6535696   -0.018486669      78.912854     0.64169066      331315631
