          10000      2.3000000     -1.3726560      1.7664972    0.011115500      71.488808     0.59858350         862525
          20000      2.3000000     -1.3762355      1.7101492    0.041327750      72.209962     0.60537075        1715039
          30000      2.3000000     -1.3802687      1.6608893   -0.041686667      73.392448     0.61377767        2554754
          40000      2.3000000     -1.3796348      1.6334994    0.056888875      72.934050     0.61372337        3409978
          50000      2.3000000     -1.3861126      1.6429473     0.13924980      72.165307     0.62380700        4214953
          60000      2.3000000     -1.3855523      1.6546648     0.11147117      73.152819     0.62175650        5061837
          70000      2.3000000     -1.3865726      1.6593235     0.13780171      72.301924     0.62345729        5895906
          80000      2.3000000     -1.3919818      1.6500303    0.038995500      77.248273     0.63353313        6673946
          90000      2.3000000     -1.3933261      1.6444426   -0.024114500      77.735331     0.63542061        7491410
         100000      2.3000000     -1.3951392      1.6452533   -0.027428300      78.317681     0.63867810        8297650
         110000      2.3000000     -1.3944419      1.6570385   -0.020581364      78.003563     0.63596700        9137318
         120000      2.3000000     -1.3930009      1.6671815   -0.016598417      77.570778     0.63338692        9992492
         130000      2.3000000     -1.3934354      1.6701078   -0.051123692      77.399564     0.63469123       10817001
         140000      2.3000000     -1.3935327      1.6570651   -0.071604250      77.061422     0.63558946       11644629
         150000      2.3000000     -1.3938872      1.6520448   -0.090067767      76.738764     0.63683003       12468909
         160000      2.3000000     -1.3947381      1.6525223   -0.054306500      77.929260     0.63835181       13279476
         170000      2.3000000     -1.3951148      1.6501647   -0.026226824      78.451913     0.63912812       14099405
         180000      2.3000000     -1.3955172      1.6482527   -0.040183972      78.418299     0.63972564       14917278
         190000      2.3000000     -1.3950176      1.6501498   -0.057069553      78.020179     0.63916924       15759356
         200000      2.3000000     -1.3944866      1.6522087   -0.046245475      78.102241     0.63869693       16605152
         210000      2.3000000     -1.3952740      1.6488805   -0.054660214      78.198467     0.64012526       17412549
         220000      2.3000000     -1.3953841      1.6462112   -0.037807773      78.515648     0.64032605       18237079
         230000      2.3000000     -1.3950270      1.6494033   -0.051312913      78.187364     0.63965391       19078510
         240000      2.3000000     -1.3942055      1.6513737   -0.048650667      77.954403     0.63824858       19937226
         250000      2.3000000     -1.3946044      1.6510519   -0.048253280      78.140340     0.63927976       20752075
         260000      2.3000000     -1.3942683      1.6547376   -0.054699827      77.936255     0.63887256       21594264
         270000      2.3000000     -1.3946911      1.6494209   -0.049949185      78.143392     0.63976711       22407738
         280000      2.3000000     -1.3949381      1.6493629   -0.037787339      78.402013     0.64004052       23228554
         290000      2.3000000     -1.3957591      1.6508882   -0.017251931      78.869786     0.64141907       24023796
         300000      2.3000000     -1.3952045      1.6554882   -0.017553533      78.657812     0.64010763       24875914
         310000      2.3000000     -1.3946049      1.6610812   -0.023787903      78.456376     0.63924803       25731779
         320000      2.3000000     -1.3948878      1.6610454   -0.025995797      78.545734     0.63980370       26548647
         330000      2.3000000     -1.3944237      1.6635491   -0.010009848      78.508590     0.63912667       27400563
         340000      2.3000000     -1.3946432      1.6603751   -0.022405647      78.515720     0.63974003       28221523
         350000      2.3000000     -1.3940290      1.6657929   -0.020985386      78.341695     0.63874036       29083058
         360000      2.3000000     -1.3944310      1.6622733   -0.021592319      78.462334     0.63938954       29893251
         370000      2.3000000     -1.3941060      1.6662353   -0.025821122      78.300888     0.63856526       30741181
         380000      2.3000000     -1.3947758      1.6634881   -0.024580013      78.532325     0.63978767       31533421
         390000      2.3000000     -1.3949210      1.6635665   -0.023698897      78.577116     0.64000646       32356254
         400000      2.3000000     -1.3948200      1.6604374   -0.028727038      78.479945     0.63975766       33193060
         410000      2.3000000     -1.3944486      1.6620189   -0.028218488      78.356140     0.63892339       34044784
         420000      2.3000000     -1.3949486      1.6628218   -0.033893321      78.446575     0.63969796       34846032
         430000      2.3000000     -1.3947282      1.6635580   -0.037002047      78.328190     0.63924940       35689651
         440000      2.3000000     -1.3949573      1.6648354   -0.035323432      78.425136     0.63957048       36505234
         450000      2.3000000     -1.3945626      1.6678443   -0.035520311      78.280575     0.63871544       37361418
         460000      2.3000000     -1.3944359      1.6666955   -0.028246239      78.335134     0.63862435       38198547
         470000      2.3000000     -1.3941927      1.6679741   -0.037255574      78.147092     0.63807081       39044735
         480000      2.3000000     -1.3942205      1.6675396   -0.026995000      78.300560     0.63833575       39871748
         490000      2.3000000     -1.3943078      1.6677699   -0.014308020      78.433937     0.63851335       40695456
         500000      2.3000000     -1.3945711      1.6657499   -0.018628370      78.490939     0.63903919       41506849
         510000      2.3000000     -1.3945826      1.6635376  -0.0062114608      78.559865     0.63921262       42336941
         520000      2.3000000     -1.3943638      1.6656741   0.0017364327      78.495656     0.63889205       43185411
         530000      2.3000000     -1.3942827      1.6681670   0.0035893868      78.480020     0.63872410       44022216
         540000      2.3000000     -1.3942047      1.6678086    0.012596352      78.417652     0.63857380       44858962
         550000      2.3000000     -1.3940577      1.6703075    0.019103736      78.347260     0.63838037       45701488
         560000      2.3000000     -1.3942022      1.6699889    0.023611848      78.346642     0.63856053       46520218
         570000      2.3000000     -1.3939547      1.6713948    0.025086439      78.247734     0.63805321       47372227
         580000      2.3000000     -1.3939144      1.6705159    0.017428931      78.297096     0.63807234       48205587
         590000      2.3000000     -1.3936605      1.6710910    0.019698508      78.223223     0.63776675       49058782
         600000      2.3000000     -1.3936651      1.6720823    0.028146750      78.163428     0.63782532       49888892
         610000      2.3000000     -1.3934810      1.6714365    0.023616918      78.148576     0.63757977       50736623
         620000      2.3000000     -1.3932568      1.6729117    0.015909073      78.133452     0.63722740       51587458
         630000      2.3000000     -1.3933042      1.6729761    0.011000817      78.193727     0.63741110       52412666
         640000      2.3000000     -1.3934470      1.6717146    0.010955180      78.244325     0.63771601       53230448
         650000      2.3000000     -1.3932035      1.6744315   0.0086744462      78.152245     0.63707249       54085642
         660000      2.3000000     -1.3930268      1.6744240    0.010552864      78.071060     0.63665089       54935547
         670000      2.3000000     -1.3930496      1.6750812   0.0089960299      78.083637     0.63665591       55766336
         680000      2.3000000     -1.3933115      1.6752382   0.0035192574      78.175875     0.63709215       56573520
         690000      2.3000000     -1.3933278      1.6731168    0.012925435      78.175790     0.63734765       57403351
         700000      2.3000000     -1.3933696      1.6739193    0.011965200      78.203957     0.63747777       58230558
         710000      2.3000000     -1.3935139      1.6732991    0.011807120      78.257648     0.63779243       59048769
         720000      2.3000000     -1.3934075      1.6738890   0.0082080000      78.221336     0.63747624       59893155
         730000      2.3000000     -1.3934071      1.6724755   0.0030645205      78.233556     0.63748981       60725682
         740000      2.3000000     -1.3931977      1.6744937  -0.0040894527      78.166748     0.63716921       61580595
         750000      2.3000000     -1.3932544      1.6734741   -0.010274507      78.180108     0.63737607       62406874
         760000      2.3000000     -1.3933062      1.6722622  -0.0052434342      78.219096     0.63752275       63233067
         770000      2.3000000     -1.3933216      1.6717568   0.0010474545      78.235551     0.63763739       64064553
         780000      2.3000000     -1.3933234      1.6694269  -0.0048334295      78.244408     0.63778396       64895221
         790000      2.3000000     -1.3933023      1.6687148  -0.0037763291      78.247035     0.63779270       65729624
         800000      2.3000000     -1.3932639      1.6683733  -0.0020673813      78.229468     0.63770784       66567660
         810000      2.3000000     -1.3931711      1.6692064   0.0020893827      78.203101     0.63753557       67410968
         820000      2.3000000     -1.3928925      1.6726920   0.0033079695      78.102318     0.63686765       68275406
         830000      2.3000000     -1.3927840      1.6737432   0.0062220843      78.056803     0.63663646       69121817
         840000      2.3000000     -1.3928045      1.6728164   0.0060802619      78.059446     0.63660800       69949873
         850000      2.3000000     -1.3927766      1.6725168   0.0031593706      78.043156     0.63647702       70787711
         860000      2.3000000     -1.3928154      1.6724015  -0.0021544012      78.064633     0.63662884       71614708
         870000      2.3000000     -1.3929615      1.6717707  -0.0058422989      78.101513     0.63683745       72426402
         880000      2.3000000     -1.3929458      1.6721394  -0.0026622330      78.117438     0.63689768       73259856
         890000      2.3000000     -1.3930172      1.6725247  -0.0017048146      78.123757     0.63689454       74082864
         900000      2.3000000     -1.3931882      1.6716960  -0.0064395111      78.163500     0.63714142       74894432
         910000      2.3000000     -1.3932705      1.6726326  -0.0069106758      78.192909     0.63729015       75716402
         920000      2.3000000     -1.3932348      1.6736559  -0.0034906467      78.186828     0.63719262       76553814
         930000      2.3000000     -1.3932444      1.6740556   0.0020705860      78.189693     0.63717354       77385718
         940000      2.3000000     -1.3932696      1.6742006   0.0029223404      78.192852     0.63716273       78216680
         950000      2.3000000     -1.3932123      1.6746331 -0.00049910526      78.159838     0.63692641       79056642
         960000      2.3000000     -1.3934095      1.6737287  0.00020121875      78.228666     0.63732361       79860856
         970000      2.3000000     -1.3934728      1.6738376  0.00063604639      78.251320     0.63745030       80684933
         980000      2.3000000     -1.3936894      1.6732939  -0.0024561633      78.320837     0.63784918       81486141
         990000      2.3000000     -1.3936801      1.6735229  -0.0039620556      78.314949     0.63783008       82317585
        1000000      2.3000000     -1.3935160      1.6739278  -0.0036744550      78.262053     0.63750745       83174400
        1010000      2.3000000     -1.3935808      1.6732597  -0.0065927228      78.283562     0.63766536       83996775
        1020000      2.3000000     -1.3935865      1.6731220  -0.0040085294      78.299560     0.63773501       84825292
        1030000      2.3000000     -1.3936436      1.6716784  -0.0016703641      78.308779     0.63776836       85648993
        1040000      2.3000000     -1.3935858      1.6719822  -0.0030571971      78.294848     0.63770102       86488806
        1050000      2.3000000     -1.3933997      1.6725571  -0.0073117952      78.231285     0.63735781       87347810
        1060000      2.3000000     -1.3934156      1.6724629  -0.0098130991      78.222320     0.63737120       88177616
        1070000      2.3000000     -1.3934214      1.6731143   -0.011583888      78.201632     0.63727340       89011331
        1080000      2.3000000     -1.3934850      1.6723767   -0.011280731      78.219610     0.63738581       89834495
        1090000      2.3000000     -1.3935403      1.6719617  -0.0082254725      78.247183     0.63750746       90657878
        1100000      2.3000000     -1.3934714      1.6723271  -0.0079624773      78.229191     0.63739495       91499980
        1110000      2.3000000     -1.3933293      1.6736596  -0.0086746622      78.166321     0.63697656       92354770
        1120000      2.3000000     -1.3933038      1.6735981  -0.0065684375      78.162615     0.63691779       93191122
        1130000      2.3000000     -1.3933130      1.6731298  -0.0096142168      78.153327     0.63694642       94021614
        1140000      2.3000000     -1.3932072      1.6736384   -0.011233259      78.118089     0.63680201       94871520
        1150000      2.3000000     -1.3931291      1.6733002  -0.0069872565      78.107094     0.63668365       95715891
        1160000      2.3000000     -1.3930665      1.6736080  -0.0050617500      78.079724     0.63648095       96557433
        1170000      2.3000000     -1.3930940      1.6730847  -0.0074201410      78.081952     0.63653195       97384619
        1180000      2.3000000     -1.3933478      1.6722560  -0.0050830932      78.172644     0.63699197       98173605
        1190000      2.3000000     -1.3933163      1.6718329  -0.0056211807      78.160423     0.63697262       99013548
        1200000      2.3000000     -1.3933609      1.6719852  -0.0052678583      78.176240     0.63703519       99837575
        1210000      2.3000000     -1.3935172      1.6722318  -0.0012704669      78.231558     0.63728248      100641782
        1220000      2.3000000     -1.3936737      1.6714584  0.00026487295      78.281751     0.63758394      101445361
        1230000      2.3000000     -1.3937177      1.6702350   0.0054093537      78.294922     0.63772878      102268484
        1240000      2.3000000     -1.3935518      1.6709907   0.0074808468      78.228164     0.63734295      103131289
        1250000      2.3000000     -1.3935816      1.6702859   0.0073045720      78.238324     0.63741868      103956731
        1260000      2.3000000     -1.3935467      1.6700749   0.0084312817      78.226883     0.63740092      104795029
        1270000      2.3000000     -1.3935836      1.6706049    0.010503996      78.225503     0.63740407      105619920
        1280000      2.3000000     -1.3936066      1.6707542    0.011599969      78.225237     0.63741189      106445965
        1290000      2.3000000     -1.3935664      1.6706255    0.015030388      78.187609     0.63730095      107283991
        1300000      2.3000000     -1.3935083      1.6704730    0.015981162      78.164016     0.63722557      108125131
        1310000      2.3000000     -1.3933948      1.6708018    0.016280485      78.127946     0.63704747      108978106
        1320000      2.3000000     -1.3932890      1.6717476    0.016380678      78.083687     0.63674944      109831489
        1330000      2.3000000     -1.3934679      1.6714058    0.012727910      78.157755     0.63704071      110629218
        1340000      2.3000000     -1.3935122      1.6710828    0.010150455      78.187139     0.63717605      111454242
        1350000      2.3000000     -1.3936056      1.6705821   0.0098837444      78.221560     0.63737794      112268901
        1360000      2.3000000     -1.3936643      1.6700640   0.0057694449      78.249022     0.63748439      113090043
        1370000      2.3000000     -1.3937149      1.6700769   0.0083493723      78.258150     0.63757082      113912285
        1380000      2.3000000     -1.3936986      1.6705131   0.0068551993      78.261447     0.63757569      114748321
        1390000      2.3000000     -1.3936699      1.6708534   0.0036657986      78.255450     0.63750162      115584924
        1400000      2.3000000     -1.3936474      1.6713913   0.0057376929      78.257234     0.63755704      116417669
        1410000      2.3000000     -1.3935162      1.6729332   0.0058861915      78.214539     0.63729189      117275321
        1420000      2.3000000     -1.3935344      1.6729626   0.0084673169      78.215927     0.63733505      118104206
        1430000      2.3000000     -1.3933636      1.6739215   0.0071962308      78.162439     0.63704156      118973554
        1440000      2.3000000     -1.3934894      1.6732433   0.0058755972      78.209500     0.63729640      119779689
        1450000      2.3000000     -1.3935188      1.6728692   0.0082615000      78.209079     0.63733117      120605622
        1460000      2.3000000     -1.3935108      1.6722167   0.0065285822      78.210580     0.63734286      121438448
        1470000      2.3000000     -1.3935319      1.6723630   0.0073632721      78.216776     0.63737805      122265933
        1480000      2.3000000     -1.3935477      1.6724995   0.0084985709      78.209507     0.63730537      123094715
        1490000      2.3000000     -1.3934882      1.6727255   0.0079827383      78.184736     0.63715202      123941219
        1500000      2.3000000     -1.3934887      1.6719988   0.0078051600      78.180925     0.63712655      124771450
        1510000      2.3000000     -1.3935023      1.6715535    0.010608017      78.172791     0.63714069      125600172
        1520000      2.3000000     -1.3934673      1.6710690    0.010433674      78.163959     0.63711392      126441638
        1530000      2.3000000     -1.3932893      1.6720035   0.0083592647      78.108079     0.63673666      127314552
        1540000      2.3000000     -1.3933383      1.6713882   0.0060605909      78.131704     0.63687782      128135224
        1550000      2.3000000     -1.3934823      1.6703422   0.0033263968      78.185033     0.63714485      128933211
        1560000      2.3000000     -1.3935994      1.6699688   0.0055180321      78.214697     0.63732899      129737997
        1570000      2.3000000     -1.3935509      1.6696902   0.0075999172      78.199048     0.63726868      130579297
        1580000      2.3000000     -1.3934453      1.6706246   0.0064599589      78.166160     0.63705221      131435542
        1590000      2.3000000     -1.3934122      1.6706720   0.0041102830      78.151839     0.63694316      132275053
        1600000      2.3000000     -1.3933834      1.6706054   0.0037255438      78.146048     0.63690928      133114863
        1610000      2.3000000     -1.3933470      1.6697524   0.0057106739      78.132106     0.63688158      133954625
        1620000      2.3000000     -1.3933816      1.6689022   0.0070113056      78.139832     0.63696625      134780757
        1630000      2.3000000     -1.3932027      1.6698499   0.0073399479      78.078642     0.63660351      135655561
        1640000      2.3000000     -1.3931759      1.6699011   0.0079687348      78.077763     0.63662599      136494034
        1650000      2.3000000     -1.3932375      1.6701171   0.0092937545      78.093467     0.63671855      137312195
        1660000      2.3000000     -1.3933056      1.6691912   0.0073537681      78.124558     0.63688372      138127928
        1670000      2.3000000     -1.3932749      1.6694344   0.0092303353      78.114308     0.63685092      138968303
        1680000      2.3000000     -1.3934012      1.6689342    0.010817393      78.158834     0.63714157      139769146
        1690000      2.3000000     -1.3933102      1.6687915    0.013944192      78.123067     0.63704899      140623944
        1700000      2.3000000     -1.3931640      1.6694389    0.015242968      78.057485     0.63670366      141492432
        1710000      2.3000000     -1.3932406      1.6687566    0.013051827      78.089672     0.63682645      142304641
        1720000      2.3000000     -1.3932643      1.6688120    0.014158953      78.091179     0.63687788      143131078
        1730000      2.3000000     -1.3933523      1.6686289    0.011287173      78.131229     0.63702258      143942341
        1740000      2.3000000     -1.3933024      1.6690465    0.011481227      78.112851     0.63691366      144785840
        1750000      2.3000000     -1.3933581      1.6691512    0.010620171      78.134472     0.63699165      145602805
        1760000      2.3000000     -1.3934605      1.6683781    0.012334784      78.164783     0.63721351      146409160
        1770000      2.3000000     -1.3934293      1.6680317    0.011231554      78.157263     0.63714935      147249636
        1780000      2.3000000     -1.3935172      1.6677256   0.0094354944      78.196236     0.63733615      148058223
        1790000      2.3000000     -1.3934687      1.6673030    0.010495109      78.180821     0.63729033      148901385
        1800000      2.3000000     -1.3933819      1.6669872    0.011816125      78.153638     0.63718986      149755782
        1810000      2.3000000     -1.3933315      1.6663526    0.012212000      78.132390     0.63710351      150601498
        1820000      2.3000000     -1.3933778      1.6655369    0.014407195      78.138013     0.63720386      151421892
        1830000      2.3000000     -1.3931460      1.6668719    0.015525680      78.050380     0.63672761      152316492
        1840000      2.3000000     -1.3931784      1.6670949    0.013398035      78.071974     0.63677783      153139410
        1850000      2.3000000     -1.3931773      1.6673799    0.015111192      78.056748     0.63673113      153971458
        1860000      2.3000000     -1.3932506      1.6669967    0.016762446      78.071203     0.63686628      154783973
        1870000      2.3000000     -1.3932632      1.6668871    0.014657941      78.087679     0.63690442      155611174
        1880000      2.3000000     -1.3932944      1.6675623    0.015459021      78.095763     0.63696029      156433835
        1890000      2.3000000     -1.3933382      1.6670137    0.012814955      78.122333     0.63704613      157254229
        1900000      2.3000000     -1.3933766      1.6662040    0.014435768      78.129451     0.63715621      158075469
        1910000      2.3000000     -1.3932391      1.6666751    0.015053361      78.080120     0.63687368      158945450
        1920000      2.3000000     -1.3932936      1.6666447    0.012567648      78.113726     0.63699578      159762356
        1930000      2.3000000     -1.3933411      1.6662117    0.014159972      78.123680     0.63708452      160581843
        1940000      2.3000000     -1.3933547      1.6657878    0.017051510      78.110441     0.63709394      161409180
        1950000      2.3000000     -1.3933886      1.6656412    0.016773154      78.124995     0.63715867      162231388
        1960000      2.3000000     -1.3933860      1.6660360    0.016445202      78.130078     0.63716824      163064512
        1970000      2.3000000     -1.3933872      1.6651177    0.017597650      78.123795     0.63719353      163897248
        1980000      2.3000000     -1.3934392      1.6648927    0.018461841      78.133878     0.63727564      164714633
        1990000      2.3000000     -1.3934413      1.6643791    0.018114251      78.139019     0.63732607      165545965
        2000000      2.3000000     -1.3934666      1.6642488    0.016556475      78.157532     0.63738601      166370868
        2010000      2.3000000     -1.3935158      1.6642754    0.015958908      78.174464     0.63744935      167189128
        2020000      2.3000000     -1.3936785      1.6633088    0.018066569      78.215261     0.63774512      167973931
        2030000      2.3000000     -1.3937853      1.6633158    0.015890559      78.254796     0.63787130      168774534
        2040000      2.3000000     -1.3938380      1.6629234    0.016568174      78.269037     0.63798287      169590332
        2050000      2.3000000     -1.3937906      1.6633842    0.017111932      78.244971     0.63783087      170433150
        2060000      2.3000000     -1.3938004      1.6636252    0.016925794      78.246211     0.63782299      171261576
        2070000      2.3000000     -1.3937661      1.6639740    0.015361394      78.238333     0.63771669      172104869
        2080000      2.3000000     -1.3938036      1.6640495    0.016229558      78.245102     0.63776512      172925115
        2090000      2.3000000     -1.3939507      1.6636423    0.014951859      78.299132     0.63801784      173712044
        2100000      2.3000000     -1.3939122      1.6637250    0.014242581      78.291847     0.63796167      174554357
        2110000      2.3000000     -1.3938722      1.6634740    0.013998220      78.281776     0.63792026      175396752
        2120000      2.3000000     -1.3938576      1.6632951    0.015382974      78.271622     0.63791290      176232067
        2130000      2.3000000     -1.3939414      1.6626042    0.015142434      78.296167     0.63803676      177037091
        2140000      2.3000000     -1.3939868      1.6624435    0.015635098      78.311744     0.63814271      177853440
        2150000      2.3000000     -1.3938786      1.6627773    0.014364951      78.280901     0.63792885      178717118
        2160000      2.3000000     -1.3938981      1.6627991    0.015271042      78.278883     0.63793807      179543113
        2170000      2.3000000     -1.3939021      1.6627577    0.015385735      78.282652     0.63796549      180373167
        2180000      2.3000000     -1.3939552      1.6625220    0.012757174      78.313929     0.63807288      181187253
        2190000      2.3000000     -1.3940485      1.6628767    0.012681233      78.339098     0.63818999      181988689
        2200000      2.3000000     -1.3940609      1.6630627    0.010580436      78.349763     0.63818639      182815073
        2210000      2.3000000     -1.3940219      1.6629308    0.010481812      78.336751     0.63812971      183658977
        2220000      2.3000000     -1.3940282      1.6627537    0.010461615      78.338562     0.63814838      184487506
        2230000      2.3000000     -1.3939922      1.6623836   0.0098410000      78.334962     0.63813843      185329508
        2240000      2.3000000     -1.3939569      1.6623554    0.010428837      78.318115     0.63805990      186171307
        2250000      2.3000000     -1.3939237      1.6622422   0.0092186911      78.312175     0.63801790      187012635
        2260000      2.3000000     -1.3938761      1.6620512    0.010737644      78.293008     0.63796531      187859014
        2270000      2.3000000     -1.3938883      1.6620887    0.010598064      78.302098     0.63803301      188686731
        2280000      2.3000000     -1.3938027      1.6628906   0.0098611996      78.275707     0.63784392      189547515
        2290000      2.3000000     -1.3938791      1.6630013    0.011565548      78.300246     0.63800461      190352317
        2300000      2.3000000     -1.3939851      1.6628031    0.012413524      78.334512     0.63821621      191148088
        2310000      2.3000000     -1.3940338      1.6625293    0.012980710      78.343600     0.63827614      191963832
        2320000      2.3000000     -1.3940519      1.6630405    0.013917860      78.346246     0.63829088      192789302
        2330000      2.3000000     -1.3939274      1.6641860    0.014072489      78.301749     0.63800796      193662832
        2340000      2.3000000     -1.3937914      1.6651690    0.013217882      78.258186     0.63771028      194541337
        2350000      2.3000000     -1.3937983      1.6653777    0.013531660      78.257949     0.63771218      195369465
        2360000      2.3000000     -1.3937365      1.6656983    0.012415689      78.243833     0.63760356      196222717
        2370000      2.3000000     -1.3938247      1.6648985   0.0095945570      78.288195     0.63780043      197022309
        2380000      2.3000000     -1.3938038      1.6653531    0.010611926      78.276827     0.63775801      197861443
        2390000      2.3000000     -1.3938279      1.6653495    0.010057228      78.286638     0.63780757      198685264
        2400000      2.3000000     -1.3938229      1.6656849   0.0086491438      78.286148     0.63778570      199519029
        2410000      2.3000000     -1.3938642      1.6650510   0.0084661369      78.296016     0.63784525      200336402
        2420000      2.3000000     -1.3938807      1.6652972   0.0088179132      78.302309     0.63789397      201162209
        2430000      2.3000000     -1.3939695      1.6654956    0.010538006      78.323775     0.63802378      201961020
        2440000      2.3000000     -1.3939477      1.6654629    0.010842090      78.316991     0.63798321      202798084
        2450000      2.3000000     -1.3939565      1.6656150    0.012116267      78.316129     0.63801149      203626971
        2460000      2.3000000     -1.3939680      1.6654079    0.012292526      78.320067     0.63803408      204453826
        2470000      2.3000000     -1.3938335      1.6661858    0.011884253      78.273411     0.63773183      205332291
        2480000      2.3000000     -1.3938332      1.6660682    0.013898708      78.264094     0.63773644      206163259
        2490000      2.3000000     -1.3938421      1.6666389    0.011397821      78.279017     0.63775558      206992279
        2500000      2.3000000     -1.3938762      1.6661171    0.011310162      78.291609     0.63782557      207811428
        2510000      2.3000000     -1.3938788      1.6664049    0.013207124      78.285802     0.63782424      208640280
        2520000      2.3000000     -1.3938936      1.6660172    0.013743770      78.289314     0.63786669      209465204
        2530000      2.3000000     -1.3939441      1.6653431    0.015435429      78.297889     0.63796923      210276592
        2540000      2.3000000     -1.3939925      1.6648579    0.014247689      78.319559     0.63805648      211089220
        2550000      2.3000000     -1.3939917      1.6644666    0.012634608      78.329783     0.63808393      211920936
        2560000      2.3000000     -1.3939269      1.6649774    0.013759484      78.302368     0.63795298      212774790
        2570000      2.3000000     -1.3939516      1.6649953    0.015611798      78.301302     0.63800400      213598704
        2580000      2.3000000     -1.3939367      1.6651541    0.014320256      78.304256     0.63797923      214434702
        2590000      2.3000000     -1.3938138      1.6661247    0.015136861      78.255883     0.63772133      215312250
        2600000      2.3000000     -1.3938492      1.6653019    0.014711404      78.269408     0.63780485      216131377
        2610000      2.3000000     -1.3938161      1.6657023    0.013662469      78.262267     0.63772590      216975968
        2620000      2.3000000     -1.3938097      1.6656786    0.013328139      78.262493     0.63771365      217809067
        2630000      2.3000000     -1.3938489      1.6656085    0.011452810      78.286345     0.63780483      218624052
        2640000      2.3000000     -1.3939358      1.6652379    0.013997176      78.304757     0.63798026      219423951
        2650000      2.3000000     -1.3939179      1.6652205    0.015133308      78.293144     0.63794835      220260237
        2660000      2.3000000     -1.3939068      1.6652533    0.014057648      78.296626     0.63795001      221095702
        2670000      2.3000000     -1.3938222      1.6658267    0.014876433      78.260306     0.63774028      221959442
        2680000      2.3000000     -1.3937742      1.6662377    0.016578681      78.236651     0.63765754      222808992
        2690000      2.3000000     -1.3937756      1.6661966    0.017404842      78.234364     0.63768450      223640042
        2700000      2.3000000     -1.3938531      1.6658183    0.018301081      78.253929     0.63781670      224441885
        2710000      2.3000000     -1.3938551      1.6654973    0.019579539      78.246834     0.63783967      225273968
        2720000      2.3000000     -1.3938491      1.6654029    0.019186518      78.251977     0.63785427      226105992
        2730000      2.3000000     -1.3938804      1.6656731    0.018027775      78.266112     0.63787599      226925345
        2740000      2.3000000     -1.3938962      1.6655072    0.016473978      78.282542     0.63792406      227750573
        2750000      2.3000000     -1.3939438      1.6657568    0.018365629      78.286836     0.63799517      228562707
        2760000      2.3000000     -1.3939255      1.6655694    0.017445534      78.289873     0.63798828      229401307
        2770000      2.3000000     -1.3939496      1.6650413    0.015626179      78.311758     0.63806454      230221502
        2780000      2.3000000     -1.3939938      1.6650962    0.015153833      78.327342     0.63812309      231035089
        2790000      2.3000000     -1.3939755      1.6652052    0.013610086      78.329207     0.63808318      231872710
        2800000      2.3000000     -1.3939742      1.6652315    0.011565046      78.336222     0.63806728      232704853
        2810000      2.3000000     -1.3939102      1.6654649    0.012817356      78.307194     0.63792975      233564124
        2820000      2.3000000     -1.3939759      1.6650310    0.013659895      78.329652     0.63808668      234367508
        2830000      2.3000000     -1.3939902      1.6654242    0.014957998      78.324563     0.63808378      235194448
        2840000      2.3000000     -1.3939356      1.6656683    0.014442569      78.306139     0.63795775      236047719
        2850000      2.3000000     -1.3939431      1.6655542    0.013020719      78.311955     0.63796153      236876300
        2860000      2.3000000     -1.3940045      1.6650646    0.013827993      78.331412     0.63809699      237679549
        2870000      2.3000000     -1.3940471      1.6650723    0.015424834      78.339638     0.63819418      238492798
        2880000      2.3000000     -1.3940123      1.6653459    0.014487828      78.330952     0.63811397      239339403
        2890000      2.3000000     -1.3940191      1.6653024    0.013583715      78.334220     0.63810359      240167959
        2900000      2.3000000     -1.3940302      1.6655134    0.014237553      78.332601     0.63810862      240996125
        2910000      2.3000000     -1.3940269      1.6656373    0.014855454      78.330000     0.63810322      241828820
        2920000      2.3000000     -1.3940887      1.6652223    0.014316557      78.351990     0.63821474      242633299
        2930000      2.3000000     -1.3940943      1.6652783    0.015522679      78.347684     0.63822746      243461269
        2940000      2.3000000     -1.3940557      1.6651284    0.014478301      78.339560     0.63814921      244308190
        2950000      2.3000000     -1.3940972      1.6649008    0.013653269      78.352781     0.63820167      245120583
        2960000      2.3000000     -1.3941478      1.6643174    0.011354804      78.380305     0.63830470      245930830
        2970000      2.3000000     -1.3941369      1.6645254    0.011396577      78.374440     0.63826939      246767148
        2980000      2.3000000     -1.3940829      1.6648724    0.012743680      78.352820     0.63816909      247622839
        2990000      2.3000000     -1.3941189      1.6648571    0.012617579      78.368151     0.63825258      248437208
        3000000      2.3000000     -1.3941551      1.6650176    0.011321325      78.385584     0.63831238      249251686
        3010000      2.3000000     -1.3940842      1.6651453    0.011121061      78.357380     0.63814349      250114791
        3020000      2.3000000     -1.3941070      1.6651867   0.0094369702      78.369562     0.63818461      250936641
        3030000      2.3000000     -1.3940869      1.6656521   0.0099410165      78.360182     0.63812084      251774736
        3040000      2.3000000     -1.3941024      1.6653589    0.011102977      78.366468     0.63819591      252597675
        3050000      2.3000000     -1.3940562      1.6658812    0.010414646      78.351756     0.63809215      253448788
        3060000      2.3000000     -1.3940368      1.6661367    0.011835417      78.341040     0.63805608      254288592
        3070000      2.3000000     -1.3940672      1.6661770    0.012533765      78.345807     0.63809860      255107365
        3080000      2.3000000     -1.3940371      1.6661845    0.012113781      78.338903     0.63805049      255952540
        3090000      2.3000000     -1.3939899      1.6665555    0.011987511      78.322416     0.63796678      256806105
        3100000      2.3000000     -1.3939897      1.6665081    0.013299792      78.316948     0.63796850      257636089
        3110000      2.3000000     -1.3939684      1.6664378    0.014435108      78.309502     0.63796685      258475751
        3120000      2.3000000     -1.3940656      1.6661692    0.016590298      78.329447     0.63814128      259262634
        3130000      2.3000000     -1.3940535      1.6662215    0.017337872      78.322230     0.63811899      260098435
        3140000      2.3000000     -1.3940686      1.6662709    0.015989094      78.336052     0.63816257      260921807
        3150000      2.3000000     -1.3941080      1.6660734    0.015623856      78.351870     0.63823330      261734501
        3160000      2.3000000     -1.3940722      1.6663559    0.016913810      78.332836     0.63817347      262582447
        3170000      2.3000000     -1.3941002      1.6662872    0.016318008      78.348322     0.63823141      263399071
        3180000      2.3000000     -1.3941080      1.6665899    0.016159634      78.354805     0.63827057      264226839
        3190000      2.3000000     -1.3940572      1.6670706    0.017384292      78.333732     0.63819460      265082730
        3200000      2.3000000     -1.3940732      1.6671578    0.016018366      78.345850     0.63820486      265907234
        3210000      2.3000000     -1.3940872      1.6669672    0.014728648      78.358997     0.63825055      266731508
        3220000      2.3000000     -1.3940311      1.6671748    0.013327374      78.345530     0.63815369      267589153
        3230000      2.3000000     -1.3940658      1.6667554    0.011284594      78.365780     0.63822016      268403784
        3240000      2.3000000     -1.3940805      1.6667684    0.010405884      78.371192     0.63822291      269226852
        3250000      2.3000000     -1.3940829      1.6666904    0.010275606      78.370909     0.63821605      270056299
        3260000      2.3000000     -1.3940465      1.6662896    0.010443431      78.361403     0.63817063      270902706
        3270000      2.3000000     -1.3940673      1.6664281   0.0090851346      78.372776     0.63820566      271720428
        3280000      2.3000000     -1.3941022      1.6664347   0.0077947271      78.386529     0.63825272      272534963
        3290000      2.3000000     -1.3939807      1.6669046   0.0081990547      78.342579     0.63801856      273425029
        3300000      2.3000000     -1.3939771      1.6667921   0.0090039652      78.341500     0.63803193      274257883
        3310000      2.3000000     -1.3939597      1.6670295   0.0097287628      78.332434     0.63799407      275097656
        3320000      2.3000000     -1.3939255      1.6674300    0.010697053      78.319262     0.63793816      275945900
        3330000      2.3000000     -1.3939593      1.6671511   0.0096788679      78.331960     0.63797595      276761652
        3340000      2.3000000     -1.3939513      1.6668812   0.0097090479      78.333623     0.63799572      277597006
        3350000      2.3000000     -1.3939941      1.6667599    0.010004813      78.346748     0.63807512      278407963
        3360000      2.3000000     -1.3939766      1.6665715    0.010283074      78.342792     0.63806847      279247601
        3370000      2.3000000     -1.3939555      1.6665889   0.0091734570      78.338195     0.63802465      280088156
        3380000      2.3000000     -1.3939531      1.6662704   0.0099467604      78.336941     0.63804510      280920334
        3390000      2.3000000     -1.3939857      1.6663466   0.0089587507      78.352333     0.63811115      281734385
        3400000      2.3000000     -1.3940237      1.6660153   0.0089878103      78.367209     0.63819984      282546542
        3410000      2.3000000     -1.3939777      1.6663162   0.0081512903      78.353468     0.63811901      283401473
        3420000      2.3000000     -1.3939933      1.6664657   0.0095772617      78.355417     0.63815787      284223806
        3430000      2.3000000     -1.3939995      1.6662054    0.011054073      78.352969     0.63818252      285050784
        3440000      2.3000000     -1.3940098      1.6661457    0.012766453      78.349966     0.63821353      285875811
        3450000      2.3000000     -1.3940420      1.6659038    0.014640077      78.354254     0.63829097      286690426
        3460000      2.3000000     -1.3940381      1.6657728    0.015542026      78.349660     0.63829190      287522422
        3470000      2.3000000     -1.3940168      1.6659558    0.014083268      78.348030     0.63824150      288363913
        3480000      2.3000000     -1.3939864      1.6664512    0.013347047      78.342546     0.63818103      289209361
        3490000      2.3000000     -1.3940127      1.6659643    0.011668420      78.358500     0.63823934      290025820
        3500000      2.3000000     -1.3940459      1.6657078    0.012723093      78.365652     0.63830746      290838617
        3510000      2.3000000     -1.3940188      1.6659955    0.012450564      78.357498     0.63825369      291680964
        3520000      2.3000000     -1.3940107      1.6662453    0.012242578      78.352141     0.63821961      292516771
        3530000      2.3000000     -1.3939718      1.6664755    0.012089033      78.339115     0.63813436      293367987
        3540000      2.3000000     -1.3939697      1.6660041    0.011724141      78.340212     0.63814673      294199552
        3550000      2.3000000     -1.3939319      1.6661557    0.011090606      78.331740     0.63809495      295049271
        3560000      2.3000000     -1.3939090      1.6659500    0.011439767      78.323970     0.63806663      295890749
        3570000      2.3000000     -1.3939288      1.6656739    0.010140693      78.335232     0.63811350      296713430
        3580000      2.3000000     -1.3938794      1.6658821    0.010410510      78.316298     0.63800099      297571368
        3590000      2.3000000     -1.3939235      1.6657581   0.0090270877      78.335911     0.63807965      298379041
        3600000      2.3000000     -1.3938725      1.6656868   0.0085835222      78.320064     0.63798587      299237034
        3610000      2.3000000     -1.3938376      1.6661459   0.0089266607      78.305103     0.63789530      300086747
        3620000      2.3000000     -1.3938854      1.6660365   0.0081883246      78.323050     0.63798284      300892841
        3630000      2.3000000     -1.3938934      1.6662441   0.0078183953      78.323098     0.63796105      301719362
        3640000      2.3000000     -1.3939014      1.6664329   0.0063777404      78.331753     0.63798210      302545323
        3650000      2.3000000     -1.3938870      1.6665202   0.0056505822      78.326678     0.63793958      303385597
        3660000      2.3000000     -1.3938668      1.6662865   0.0058366995      78.322452     0.63793599      304227306
        3670000      2.3000000     -1.3938857      1.6663117   0.0062977180      78.326338     0.63796508      305049654
        3680000      2.3000000     -1.3939213      1.6660706   0.0070567092      78.332646     0.63801392      305863109
        3690000      2.3000000     -1.3939321      1.6660613   0.0066873347      78.337842     0.63803798      306688695
        3700000      2.3000000     -1.3939021      1.6664421   0.0055685500      78.331818     0.63798991      307536830
        3710000      2.3000000     -1.3939009      1.6665703   0.0058156765      78.330645     0.63798305      308367475
        3720000      2.3000000     -1.3938628      1.6665183   0.0064943401      78.316586     0.63793038      309218345
        3730000      2.3000000     -1.3938785      1.6664206   0.0055703257      78.323903     0.63796688      310041371
        3740000      2.3000000     -1.3939147      1.6663348   0.0055487219      78.333467     0.63800527      310854170
        3750000      2.3000000     -1.3939084      1.6661941   0.0067226400      78.332604     0.63801653      311688530
        3760000      2.3000000     -1.3939265      1.6660151   0.0075685665      78.337715     0.63805950      312510527
        3770000      2.3000000     -1.3939641      1.6661762   0.0085824602      78.344886     0.63810932      313322917
        3780000      2.3000000     -1.3939597      1.6660698   0.0089037500      78.341676     0.63809743      314158271
        3790000      2.3000000     -1.3939231      1.6663360    0.010228587      78.324291     0.63801718      315010721
        3800000      2.3000000     -1.3939671      1.6662639    0.010365197      78.338925     0.63809202      315816347
        3810000      2.3000000     -1.3940188      1.6661552    0.010722660      78.356542     0.63819352      316618871
        3820000      2.3000000     -1.3940466      1.6658368    0.010888203      78.360953     0.63823130      317435479
        3830000      2.3000000     -1.3940412      1.6659319    0.011040410      78.356846     0.63820549      318270472
        3840000      2.3000000     -1.3940894      1.6656268   0.0098859232      78.377139     0.63830260      319075447
        3850000      2.3000000     -1.3940934      1.6654772   0.0094202234      78.380053     0.63832268      319906788
        3860000      2.3000000     -1.3941041      1.6652266    0.010829044      78.378615     0.63834457      320732033
        3870000      2.3000000     -1.3941561      1.6650845    0.011029992      78.397001     0.63845001      321533197
        3880000      2.3000000     -1.3941860      1.6646383    0.010330671      78.410308     0.63852186      322347317
        3890000      2.3000000     -1.3942173      1.6646575    0.010044540      78.418210     0.63855415      323161413
        3900000      2.3000000     -1.3942115      1.6645319   0.0094137808      78.416953     0.63853657      323996562
        3910000      2.3000000     -1.3942600      1.6643567   0.0091772187      78.430017     0.63860187      324799538
        3920000      2.3000000     -1.3943287      1.6638967   0.0098693138      78.448429     0.63872035      325590940
        3930000      2.3000000     -1.3943775      1.6635485   0.0088288435      78.467765     0.63882387      326393711
        3940000      2.3000000     -1.3943227      1.6632671   0.0085119924      78.450776     0.63875056      327256579
        3950000      2.3000000     -1.3943645      1.6629465   0.0081129544      78.465985     0.63883476      328064759
        3960000      2.3000000     -1.3943715      1.6629879   0.0092572841      78.465062     0.63884721      328890772
        3970000      2.3000000     -1.3943865      1.6628253   0.0091716297      78.472251     0.63888806      329712329
        3980000      2.3000000     -1.3943886      1.6629389    0.010723283      78.468272     0.63889975      330541017
        3990000      2.3000000     -1.3943909      1.6630658    0.010629817      78.471375     0.63891028      331369836
        4000000      2.3000000     -1.3943951      1.6633698    0.011265695      78.472388     0.63892564      332197146
